|0000|015|0|01122020|31122020|SCHIRMANN MATERIAIS E SOLUCOES PARA A CONSTRUCAO LTDA|88579701000178||RS|0650024230|4310207|||A|1|
|C100|1|0|17605|55|00|62|160437|43210188579701000178550620001604371154912088|02012021|02012021|654,9|2|0|0|654,9|9|0|0|0|14,4|2,52|0|0|0|10,82|49,77|0|0|
|C190|040|5102|0|29,5|0|0|0|0|0|0||
|C100|1|0|28929|55|00|62|160475|43210188579701000178550620001604751720352006|04012021|04012021|531,05|2|0|0|471,05|9|60|0|0|0|0|0|0|0|8,77|40,36|0|0|
|C190|040|5102|0|332,58|0|0|0|0|0|0||
|C100|1|0|33483|55|00|62|160505|43210188579701000178550620001605051756510877|04012021|04012021|873,08|2|0|0|798,98|9|74,1|0|0|211,62|37,03|0|0|0|13,39|61,75|0|0|
|C190|020|5102|17,5|100,15|72,72|12,73|0|0|27,43|0||
|C190|040|5102|0|297,23|0|0|0|0|0|0||
|C100|1|0|33378|55|00|62|160515|43210188579701000178550620001605151831363330|04012021|04012021|181,26|2|0|0|166,01|9|15,25|0|0|125,47|21,96|0|0|0|2,99|13,78|0|0|
|C190|040|5102|0|22,6|0|0|0|0|0|0||
|C100|1|0|33201|55|00|62|160520|43210188579701000178550620001605201636809090|04012021|04012021|1051,95|2|0|0|946,95|9|100|0|5|658,47|115,23|0|0|0|15,32|70,59|0|0|
|C190|020|5102|17,5|203,62|147,85|25,87|0|0|55,77|0||
|C100|1|0|31436|55|00|62|160540|43210188579701000178550620001605401363631821|04012021|04012021|484,16|2|0|0|404,16|9|80|0|0|148,42|25,97|0|0|0|7,61|35,05|0|0|
|C190|020|5102|17,5|37,89|27,51|4,81|0|0|10,38|0||
|C190|040|5102|0|82,66|0|0|0|0|0|0||
|C100|1|0|31415|55|00|62|160552|43210188579701000178550620001605521014237401|04012021|04012021|851,56|2|0|0|771,56|9|80|0|0|200,27|35,04|0|0|0|13,04|60,06|0|0|
|C190|020|5102|17,5|101,16|73,45|12,85|0|0|27,71|0||
|C190|040|5102|0|455,82|0|0|0|0|0|0||
|C100|1|0|33438|55|00|62|160554|43210188579701000178550620001605541847698849|04012021|04012021|1439,22|2|0|0|1299,22|9|140|0|0|254,58|44,55|0|0|0|23,74|109,39|0|0|
|C190|040|5102|0|906,15|0|0|0|0|0|0||
|C100|1|0|17457|55|00|62|160557|43210188579701000178550620001605571404520910|04012021|04012021|467,5|2|0|0|467,5|9|0|0|0|352,64|61,71|0|0|0|7,71|35,53|0|0|
|C190|520|5102|17,5|467,5|352,64|61,71|0|0|114,86|0||
|C100|1|0|19127|55|00|62|160574|43210188579701000178550620001605741978743662|04012021|04012021|529,76|2|0|0|449,76|9|80|0|0|213,73|29,96|0|0|0|7,66|35,3|0|0|
|C190|020|5102|17,5|107,95|78,38|13,72|0|0|29,57|0||
|C100|1|0|20964|55|00|62|160584|43210188579701000178550620001605841731154736|04012021|04012021|166,59|2|0|0|154,46|9|12,13|0|0|49,54|8,67|0|0|0|2,06|9,53|0|0|
|C190|020|5102|17,5|68,23|49,54|8,67|0|0|18,69|0||
|C100|1|0|31122|55|00|62|160595|43210188579701000178550620001605951545858684|04012021|04012021|1029,85|2|0|0|734,52|9|70|0|225,33|128,8|22,54|0|0|0|15,22|70,11|0|0|
|C190|020|5102|17,5|177,39|128,8|22,54|0|0|48,59|0||
|C100|1|0|18422|55|00|62|160596|43210188579701000178550620001605961652611027|04012021|04012021|6127,17|2|0|0|5947,17|9|180|0|0|284,39|49,77|0|0|0|101,1|465,66|0|0|
|C190|040|5102|0|4739,23|0|0|0|0|0|0||
|C100|1|0|33800|55|00|62|160612|43210188579701000178550620001606121325752758|05012021|05012021|3416,91|2|401,21|0|3788,24|9|29,88|0|0|87,67|15,34|0|0|0|56,39|259,68|0|0|
|C190|040|5102|0|425,01|0|0|0|0|0|0||
|C100|1|0|33421|55|00|62|160636|43210188579701000178550620001606361996684650|05012021|05012021|2258,62|2|0|0|2127,5|9|131,12|0|0|0|0|0|0|0|37,27|171,66|0|0|
|C190|040|5102|0|2258,62|0|0|0|0|0|0||
|C100|1|0|17605|55|00|62|160641|43210188579701000178550620001606411551971378|05012021|05012021|1315,41|2|0|0|1195,41|9|120|0|0|705,46|123,45|0|0|0|20,7|95,34|0|0|
|C190|020|5102|17,5|100,84|73,22|12,81|0|0|27,62|0||
|C190|040|5102|0|197,19|0|0|0|0|0|0||
|C100|1|0|32287|55|00|62|160740|43210188579701000178550620001607401594563415|05012021|05012021|576,85|2|0|0|576,85|9|0|0|0|296,37|51,87|0|0|0|8,61|39,63|0|0|
|C190|020|5117|17,5|91,65|66,55|11,65|0|0|25,1|0||
|C100|1|0|22436|55|00|62|160746|43210188579701000178550620001607461087245823|05012021|05012021|489|2|0|0|424|9|65|0|0|0|0|0|0|0|8,07|37,16|0|0|
|C190|040|5102|0|313,7|0|0|0|0|0|0||
|C100|1|0|20075|55|00|62|160755|43210188579701000178550620001607551063527003|06012021|06012021|380,26|2|0|0|297,76|9|80|0|2,5|231,72|40,55|0|0|0|5,1|23,51|0|0|
|C190|020|5102|17,5|117,04|84,98|14,87|0|0|32,06|0||
|C100|1|0|29425|55|00|62|160758|43210188579701000178550620001607581677007093|06012021|06012021|721,92|2|0|0|671,92|9|50|0|0|389,92|68,23|0|0|0|9,94|45,82|0|0|
|C190|020|5102|17,5|196,94|143|25,02|0|0|53,94|0||
|C100|1|0|32816|55|00|62|160770|43210188579701000178550620001607701870461234|06012021|06012021|301,27|2|0|0|282|9|19,27|0|0|218,75|38,28|0|0|0|1,96|9,04|0|0|
|C190|020|5117|17,5|301,27|218,75|38,28|0|0|82,52|0||
|C100|1|0|32896|55|00|62|160793|43210188579701000178550620001607931943791128|06012021|06012021|301,76|2|0|0|254,66|9|47,1|0|0|215,01|37,63|0|0|0|3,9|17,94|0|0|
|C190|020|5102|17,5|108,6|78,85|13,8|0|0|29,75|0||
|C100|1|0|22436|55|00|62|160890|43210188579701000178550620001608901720591033|06012021|06012021|1046,5|2|0|0|974|9|70|0|2,5|0|0|0|0|0|17,27|79,54|0|0|
|C190|040|5102|0|146,12|0|0|0|0|0|0||
|C100|1|0|32642|55|00|62|160898|43210188579701000178550620001608981897401832|06012021|06012021|816,52|2|0|0|640,67|9|90|0|85,85|377,72|66,1|0|0|0|12,3|56,68|0|0|
|C190|020|5102|17,5|116,81|84,82|14,84|0|0|31,99|0||
|C100|1|0|18948|55|00|62|160900|43210188579701000178550620001609001825627788|06012021|06012021|720,88|2|0|0|720,88|9|0|0|0|535,63|93,74|0|0|0|10,06|46,35|0|0|
|C190|020|5102|17,5|183,3|133,09|23,29|0|0|50,21|0||
|C100|1|0||65|00|101|35323|43210188579701000178651010000353231951638016|06012021|06012021|376,2|2|0|0|376,2|9|0|0|0|0|0||||||||
|C190|040|5102|0|285|0|0|0|0|0|0||
|C100|1|0|21963|55|00|62|160924|43210188579701000178550620001609241819281737|07012021|07012021|3222,44|2|60,94|0|2804,24|9|166,21|0|312,92|1010,67|176,87|0|0|0|51,01|235|0|0|
|C190|020|5102|17,5|215,32|156,34|27,36|0|0|58,98|0||
|C190|040|5102|0|1549,61|0|0|0|0|0|0||
|C100|1|0|20586|55|00|62|160926|43210188579701000178550620001609261170678039|07012021|07012021|528,07|2|0|0|443,07|9|80|0|5|353,22|61,81|0|0|0|7,62|35,11|0|0|
|C190|020|5102|17,5|109,23|79,31|13,88|0|0|29,92|0||
|C100|1|0|21794|55|00|62|160931|43210188579701000178550620001609311509714583|07012021|07012021|3549,13|2|0|0|3459,9|9|89,23|0|0|0|0|0|0|0|58,56|269,73|0|0|
|C190|040|5102|0|3538,97|0|0|0|0|0|0||
|C100|1|0|20437|55|00|62|160933|43210188579701000178550620001609331045908770|07012021|07012021|833|2|0|0|780|9|53|0|0|0|0|0|0|0|13,74|63,31|0|0|
|C190|040|5102|0|833|0|0|0|0|0|0||
|C100|1|0|19813|55|00|62|160954|43210188579701000178550620001609541572545496|07012021|07012021|70,8|2|0|0|70,8|9|0|0|0|0|0|0|0|0|1,17|5,38|0|0|
|C190|040|5102|0|70,8|0|0|0|0|0|0||
|C100|1|0|33511|55|00|62|160973|43210188579701000178550620001609731415145224|07012021|07012021|2446,7|2|0|0|2446,7|9|0|0|0|0|0|0|0|0|40,36|185,94|0|0|
|C190|040|5117|0|34,5|0|0|0|0|0|0||
|C100|1|0|17543|55|00|62|160990|43210188579701000178550620001609901311572542|07012021|07012021|91,65|2|0|0|91,65|9|0|0|0|66,55|11,65|0|0|0|0,6|2,75|0|0|
|C190|020|5102|17,5|91,65|66,55|11,65|0|0|25,1|0||
|C100|1|0|30198|55|00|62|160991|43210188579701000178550620001609911596878294|07012021|07012021|850|2|0|0|770|9|80|0|0|0|0|0|0|0|14,02|64,6|0|0|
|C190|040|5102|0|850|0|0|0|0|0|0||
|C100|1|0|18183|55|00|62|160999|43210188579701000178550620001609991782060202|07012021|07012021|164,15|2|0|0|91,65|9|70|0|2,5|119,19|20,86|0|0|0|1,07|4,92|0|0|
|C190|020|5102|17,5|164,15|119,19|20,86|0|0|44,96|0||
|C100|1|0|32651|55|00|62|161006|43210188579701000178550620001610061191871310|07012021|07012021|909,42|2|0|0|789,42|9|120|0|0|334,17|58,48|0|0|0|10,41|47,95|0|0|
|C190|020|5102|17,5|460,23|334,17|58,48|0|0|126,06|0||
|C100|1|0|17586|55|00|62|161014|43210188579701000178550620001610141642073350|07012021|07012021|444,13|2|23,38|0|467,5|9|0|0|0|335,01|58,63|0|0|0|7,33|33,75|0|0|
|C190|520|5102|17,5|444,13|335,01|58,63|0|0|109,12|0||
|C100|1|0|33372|55|00|62|161019|43210188579701000178550620001610191483730421|07012021|07012021|260,04|2|0|0|260,04|9|0|0|0|66,55|11,65|0|0|0|3,37|15,54|0|0|
|C190|020|5102|17,5|91,65|66,55|11,65|0|0|25,1|0||
|C100|1|0|22319|55|00|62|161022|43210188579701000178550620001610221666630871|07012021|07012021|496,29|2|0|0|316,29|9|180|0|0|360,36|63,06|0|0|0|3,23|14,89|0|0|
|C190|020|5102|17,5|496,29|360,36|63,06|0|0|135,93|0||
|C100|1|0|19020|55|00|62|161028|43210188579701000178550620001610281362391609|07012021|07012021|241,64|2|0|0|193,75|9|47,89|0|0|82,99|14,52|0|0|0|2,85|13,11|0|0|
|C190|020|5102|17,5|114,3|82,99|14,52|0|0|31,31|0||
|C100|1|0||65|00|101|35469|43210188579701000178651010000354691387987480|07012021|07012021|100,95|2|0|0|100,95|9|0|0|0|11,58|2,03||||||||
|C190|520|5102|17,5|15,35|11,58|2,03|0|0|3,77|0||
|C100|1|0|17698|55|00|62|161050|43210188579701000178550620001610501299110700|08012021|08012021|948,1|2|0|0|865,6|9|80|0|2,5|125,86|22,03|0|0|0|15,65|72,05|0|0|
|C190|040|5102|0|427,17|0|0|0|0|0|0||
|C100|1|0|31690|55|00|62|161060|43210188579701000178550620001610601399473606|08012021|08012021|389,3|2|0|0|334,65|9|54,65|0|0|53,43|9,35|0|0|0|5,69|26,2|0|0|
|C190|020|5102|17,5|73,59|53,43|9,35|0|0|20,16|0||
|C100|1|0|33464|55|00|62|161078|43210188579701000178550620001610781935412083|08012021|08012021|506,95|2|0|0|426,95|9|80|0|0|237,05|41,48|0|0|0|5,1|23,51|0|0|
|C190|020|5102|17,5|326,47|237,05|41,48|0|0|89,42|0||
|C100|1|0|33508|55|00|62|161112|43210188579701000178550620001611121946658546|08012021|08012021|1033,57|2|0|0|920,47|9|113,1|0|0|332,78|58,24|0|0|0|16,03|73,82|0|0|
|C190|020|5102|17,5|102,91|74,72|13,08|0|0|28,19|0||
|C190|040|5102|0|331,25|0|0|0|0|0|0||
|C100|1|0|18948|55|00|62|161143|43210188579701000178550620001611431154472520|08012021|08012021|592|2|8,09|0|600,09|9|0|0|0|411,29|71,98|0|0|0|8,86|40,78|0|0|
|C190|020|5102|17,5|91,65|66,55|11,65|0|0|25,1|0||
|C100|1|0|18124|55|00|62|161154|43210188579701000178550620001611541626731099|08012021|08012021|202,89|2|0|0|142,89|9|60|0|0|104,26|18,25|0|0|0|2,89|13,36|0|0|
|C190|020|5102|17,5|44,91|32,61|5,71|0|0|12,3|0||
|C100|1|0|27986|55|00|62|161156|43210188579701000178550620001611561371642503|08012021|08012021|940,62|2|0|0|940,62|9|0|0|0|362,91|63,51|0|0|0|13,69|63,05|0|0|
|C190|020|5102|17,5|183,3|133,09|23,29|0|0|50,21|0||
|C100|1|0|19865|55|00|62|161160|43210188579701000178550620001611601921551826|08012021|08012021|450,56|2|0|0|386,78|9|63,78|0|0|256,61|44,91|0|0|0|6,33|29,16|0|0|
|C190|020|5102|17,5|110,54|80,26|14,05|0|0|30,28|0||
|C100|1|0||65|00|101|35534|43210188579701000178651010000355341541005492|08012021|08012021|225,22|2|0|0|222,72|9|0|0|2,5|2,97|0,52||||||||
|C190|040|5102|0|209,32|0|0|0|0|0|0||
|C100|1|0|32225|55|00|62|161178|43210188579701000178550620001611781806209082|11012021|11012021|841,91|2|0|0|721,91|9|120|0|0|134,01|23,45|0|0|0|13,88|63,98|0|0|
|C190|040|5102|0|396,52|0|0|0|0|0|0||
|C100|1|0|20247|55|00|62|161181|43210188579701000178550620001611811510617718|11012021|11012021|8741,64|2|0|0|7680,89|9|230,26|0|830,49|468,08|81,91|0|0|0|143,2|659,57|0|0|
|C190|020|5102|17,5|104,31|75,74|13,25|0|0|28,57|0||
|C100|1|0|31918|55|00|62|161184|43210188579701000178550620001611841898699291|11012021|11012021|805,77|2|0|0|735,77|9|70|0|0|150,9|26,41|0|0|0|11,22|51,67|0|0|
|C190|020|5102|17,5|207,82|150,9|26,41|0|0|56,92|0||
|C100|1|0|22063|55|00|62|161188|43210188579701000178550620001611881652823823|11012021|11012021|553,85|2|0|0|488,85|9|60|0|5|0|0|0|0|0|9,13|42,09|0|0|
|C190|040|5102|0|334,23|0|0|0|0|0|0||
|C100|1|0|33704|55|00|62|161193|43210188579701000178550620001611931047106832|11012021|11012021|912,41|2|0|0|912,41|9|0|0|0|447,65|78,34|0|0|0|10,47|48,25|0|0|
|C190|020|5102|17,5|458,25|332,74|58,23|0|0|125,51|0||
|C100|1|0|20378|55|00|62|161200|43210188579701000178550620001612001227376702|11012021|11012021|68|2|0|0|68|9|0|0|0|0|0|0|0|0|1,12|5,17|0|0|
|C190|040|5102|0|68|0|0|0|0|0|0||
|C100|1|0|22319|55|00|62|161221|43210188579701000178550620001612211790548417|11012021|11012021|2034,65|2|0|0|1854,65|9|180|0|0|0|0|0|0|0|33,57|154,64|0|0|
|C190|040|5102|0|1021,91|0|0|0|0|0|0||
|C100|1|0|30033|55|00|62|161227|43210188579701000178550620001612271004185714|11012021|11012021|803,45|2|0|0|655,95|9|140|0|7,5|363,01|63,52|0|0|0|12,13|55,89|0|0|
|C190|020|5102|17,5|112,26|81,51|14,26|0|0|30,75|0||
|C100|1|0|19274|55|00|62|161228|43210188579701000178550620001612281262836740|11012021|11012021|1984,08|2|0|0|1904,08|9|80|0|0|0|0|0|0|0|32,74|150,78|0|0|
|C190|040|5102|0|1062,86|0|0|0|0|0|0||
|C100|1|0|33578|55|00|62|161244|43210188579701000178550620001612441041236573|11012021|11012021|1533,01|2|0|0|1393,01|9|140|0|0|326,15|57,08|0|0|0|24,29|111,88|0|0|
|C190|020|5102|17,5|100,86|73,23|12,82|0|0|27,63|0||
|C190|040|5102|0|759,35|0|0|0|0|0|0||
|C100|1|0|17574|55|00|62|161251|43210188579701000178550620001612511875990679|11012021|11012021|5001,92|2|0|0|5001,92|9|0|0|0|0|0|0|0|0|82,53|380,15|0|0|
|C190|040|5117|0|5001,92|0|0|0|0|0|0||
|C100|1|0|17955|55|00|62|161258|43210188579701000178550620001612581696774832|11012021|11012021|293,65|2|0|0|293,65|9|0|0|0|192,8|33,74|0|0|0|3,59|16,51|0|0|
|C190|020|5102|17,5|126,52|91,87|16,08|0|0|34,65|0||
|C100|1|0|28185|55|00|62|161261|43210188579701000178550620001612611549086139|11012021|11012021|1012,93|2|0|0|1012,93|9|0|0|0|79,9|13,98|0|0|0|16,73|76,98|0|0|
|C190|040|5102|0|884|0|0|0|0|0|0||
|C100|1|0|33549|55|00|62|161269|43210188579701000178550620001612691696538415|11012021|11012021|3700,4|2|0|0|3700,4|9|0|0|0|0|0|0|0|0|61,05|281,23|0|0|
|C190|040|5102|0|1360|0|0|0|0|0|0||
|C100|1|0|33614|55|00|62|161287|43210188579701000178550620001612871531409102|11012021|11012021|1507,48|2|0|0|1407,92|9|99,56|0|0|388,57|68|0|0|0|22,92|105,54|0|0|
|C190|020|5102|17,5|196,26|142,5|24,94|0|0|53,76|0||
|C100|1|0|33261|55|00|62|161291|43210188579701000178550620001612911544655207|11012021|11012021|2212,2|2|0|0|2129,7|9|80|0|2,5|0|0|0|0|0|36,5|168,13|0|0|
|C190|040|5102|0|1350,36|0|0|0|0|0|0||
|C100|1|0||65|00|101|35772|43210188579701000178651010000357721816697995|11012021|11012021|276|2|0|0|276|9|0|0|0|0|0||||||||
|C190|040|5102|0|276|0|0|0|0|0|0||
|C100|1|0|33708|55|00|62|161295|43210188579701000178550620001612951531402258|12012021|12012021|892,68|2|0|0|880,11|9|12,57|0|0|116,55|20,4|0|0|0|14,73|67,84|0|0|
|C190|040|5102|0|387,96|0|0|0|0|0|0||
|C100|1|0|33645|55|00|62|161313|43210188579701000178550620001613131270072780|12012021|12012021|410,69|2|0|0|410,69|9|0|0|0|146,86|25,7|0|0|0|6,14|28,3|0|0|
|C190|020|5102|17,5|63,26|45,93|8,04|0|0|17,33|0||
|C100|1|0|20528|55|00|62|161314|43210188579701000178550620001613141509131155|12012021|12012021|456|2|0|0|376|9|80|0|0|331,1|57,94|0|0|0|2,96|13,68|0|0|
|C190|020|5102|17,5|456|331,1|57,94|0|0|124,9|0||
|C100|1|0|33604|55|00|62|161346|43210188579701000178550620001613461024893200|12012021|12012021|615,01|2|0|0|495,01|9|120|0|0|308,13|53,92|0|0|0|7,88|36,26|0|0|
|C190|020|5102|17,5|227,74|165,36|28,94|0|0|62,38|0||
|C190|040|5102|0|168,96|0|0|0|0|0|0||
|C100|1|0|33662|55|00|62|161385|43210188579701000178550620001613851638741199|12012021|12012021|1615,41|2|0|0|1315,03|9|77,93|0|222,45|148,84|26,04|0|0|0|26,68|122,76|0|0|
|C190|040|5102|0|612,24|0|0|0|0|0|0||
|C100|1|0|30790|55|00|62|161417|43210188579701000178550620001614171002700233|12012021|12012021|647,5|2|0|0|647,5|9|0|0|0|388,56|68|0|0|0|10,68|49,21|0|0|
|C190|520|5102|17,5|647,5|388,56|68|0|0|258,94|0||
|C100|1|0|19274|55|00|62|161420|43210188579701000178550620001614201534823114|12012021|12012021|717,36|2|0|0|637,36|9|80|0|0|136,36|23,86|0|0|0|11,83|54,51|0|0|
|C190|040|5102|0|478,35|0|0|0|0|0|0||
|C100|1|0|21850|55|00|62|161452|43210188579701000178550620001614521103377453|12012021|12012021|9084,61|2|0|0|8884,61|9|200|0|0|969,54|169,67|0|0|0|149,89|690,44|0|0|
|C190|040|5117|0|3404,96|0|0|0|0|0|0||
|C100|1|0|33672|55|00|62|161459|43210188579701000178550620001614591821837910|12012021|12012021|639,12|2|0|0|569,12|9|70|0|0|278,27|48,7|0|0|0|9,83|45,31|0|0|
|C190|020|5102|17,5|71,04|51,58|9,03|0|0|19,46|0||
|C100|1|0|18581|55|00|62|161461|43210188579701000178550620001614611756983897|12012021|12012021|1980,57|2|96,8|0|1891,1|9|0|0|186,27|1467,8|256,86|0|0|0|32,68|150,52|0|0|
|C190|520|5102|17,5|1945,91|1467,8|256,86|0|0|478,11|0||
|C100|1|0||65|00|101|35834|43210188579701000178651010000358341433945338|12012021|12012021|390|2|0|0|390|9|0|0|0|124,8|21,84||||||||
|C190|020|5102|17,5|390|124,8|21,84|0|0|265,2|0||
|C100|1|0||65|00|101|35885|43210188579701000178651010000358851928468916|12012021|12012021|164|2|0|0|164|9|0|0|0|28|4,9||||||||
|C190|040|5102|0|136|0|0|0|0|0|0||
|C100|1|0|33704|55|00|62|161486|43210188579701000178550620001614861697616985|13012021|13012021|91,65|2|0|0|91,65|9|0|0|0|66,55|11,65|0|0|0|0,6|2,75|0|0|
|C190|020|5102|17,5|91,65|66,55|11,65|0|0|25,1|0||
|C100|1|0|18043|55|00|62|161537|43210188579701000178550620001615371734276500|13012021|13012021|463,29|2|0|0|410,11|9|53,18|0|0|129,81|22,72|0|0|0|7,64|35,21|0|0|
|C190|040|5102|0|133,3|0|0|0|0|0|0||
|C100|1|0|17596|55|00|62|161538|43210188579701000178550620001615381192421085|13012021|13012021|3982,68|2|88,5|0|3951,18|9|120|0|0|0|0|0|0|0|65,73|302,69|0|0|
|C190|040|5102|0|1429,57|0|0|0|0|0|0||
|C100|1|0|19398|55|00|62|161550|43210188579701000178550620001615501432505860|13012021|13012021|483,2|2|0|0|475,7|9|0|0|7,5|358,19|62,68|0|0|0|7,98|36,72|0|0|
|C190|520|5102|17,5|474,87|358,19|62,68|0|0|116,68|0||
|C100|1|0|30198|55|00|62|161552|43210188579701000178550620001615521819765871|13012021|13012021|580,17|2|0|0|500,17|9|80|0|0|273,83|47,92|0|0|0|9,58|44,09|0|0|
|C190|040|5102|0|165,29|0|0|0|0|0|0||
|C100|1|0|33688|55|00|62|161644|43210188579701000178550620001616441414529874|13012021|13012021|507,73|2|0|0|427,73|9|80|0|0|215,39|37,69|0|0|0|7,29|33,58|0|0|
|C190|020|5102|17,5|108,79|78,99|13,82|0|0|29,8|0||
|C100|1|0|32620|55|00|62|161650|43210188579701000178550620001616501947415122|13012021|13012021|230,14|2|0,09|0|229,26|9|0|0|0,97|50,66|8,87|0|0|0|3,8|17,49|0|0|
|C190|040|5102|0|118,46|0|0|0|0|0|0||
|C100|1|0|31661|55|00|62|161654|43210188579701000178550620001616541911367771|13012021|13012021|1030,15|2|0|0|947,65|9|80|0|2,5|6,8|1,19|0|0|0|17|78,3|0|0|
|C190|040|5102|0|750,07|0|0|0|0|0|0||
|C100|1|0|33693|55|00|62|161657|43210188579701000178550620001616571828059269|13012021|13012021|1701,64|2|0|0|1581,64|9|120|0|0|370,89|64,91|0|0|0|28,08|129,32|0|0|
|C190|040|5102|0|1097,39|0|0|0|0|0|0||
|C100|1|0||65|00|101|36076|43210188579701000178651010000360761696513561|13012021|13012021|136|2|0|0|136|9|0|0|0|0|0||||||||
|C190|040|5102|0|136|0|0|0|0|0|0||
|C100|1|0||65|00|101|36090|43210188579701000178651010000360901661459004|13012021|13012021|690|2|0|0|690|9|0|0|0|0|0||||||||
|C190|040|5102|0|690|0|0|0|0|0|0||
|C100|1|0|19813|55|00|62|161667|43210188579701000178550620001616671537353647|14012021|14012021|115|2|0|0|115|9|0|0|0|0|0|0|0|0|1,89|8,74|0|0|
|C190|040|5102|0|59|0|0|0|0|0|0||
|C100|1|0|17635|55|00|62|161679|43210188579701000178550620001616791795399675|14012021|14012021|643,5|2|0|0|643,5|9|0|0|0|467,25|81,77|0|0|0|10,62|48,91|0|0|
|C190|020|5102|17,5|643,5|467,25|81,77|0|0|176,25|0||
|C100|1|0|22319|55|00|62|161681|43210188579701000178550620001616811053796388|14012021|14012021|3462,71|2|0|0|3260,19|9|202,52|0|0|1164,17|203,73|0|0|0|57,12|263,17|0|0|
|C190|040|5102|0|732,86|0|0|0|0|0|0||
|C100|1|0|33686|55|00|62|161696|43210188579701000178550620001616961930324470|14012021|14012021|170,97|2|0|0|127,5|9|43,47|0|0|0|0|0|0|0|2,82|12,99|0|0|
|C190|040|5102|0|170,97|0|0|0|0|0|0||
|C100|1|0|28929|55|00|62|161720|43210188579701000178550620001617201609568180|14012021|14012021|1195,69|2|0|0|1075,69|9|120|0|0|605,11|105,89|0|0|0|16,67|76,81|0|0|
|C190|020|5102|17,5|305,62|221,91|38,83|0|0|83,71|0||
|C100|1|0|33672|55|00|62|161746|43210188579701000178550620001617461740194855|14012021|14012021|885,16|2|0|0|765,16|9|120|0|0|209,91|36,73|0|0|0|13,55|62,39|0|0|
|C190|020|5102|17,5|106,02|76,98|13,47|0|0|29,04|0||
|C190|040|5102|0|399,11|0|0|0|0|0|0||
|C100|1|0|28929|55|00|62|161760|43210188579701000178550620001617601854475089|14012021|14012021|118|2|0|0|118|9|0|0|0|0|0|0|0|0|1,95|8,97|0|0|
|C190|040|5102|0|118|0|0|0|0|0|0||
|C100|1|0|33555|55|00|62|161794|43210188579701000178550620001617941967734509|14012021|14012021|685,61|2|0|0|585,61|9|100|0|0|134,54|23,54|0|0|0|11,31|52,11|0|0|
|C190|040|5102|0|403,91|0|0|0|0|0|0||
|C100|1|0|24697|55|00|62|161796|43210188579701000178550620001617961138270850|14012021|14012021|8046,89|2|0|0|7924,39|9|120|0|2,5|0|0|0|0|0|132,78|611,55|0|0|
|C190|040|5102|0|873,28|0|0|0|0|0|0||
|C100|1|0|33368|55|00|62|161798|43210188579701000178550620001617981821656103|14012021|14012021|717,12|2|0|0|717,12|9|0|0|0|362,91|63,51|0|0|0|10|46,07|0|0|
|C190|020|5117|17,5|183,3|133,09|23,29|0|0|50,21|0||
|C100|1|0|33695|55|00|62|161801|43210188579701000178550620001618011119011170|14012021|14012021|212,82|2|0|0|212,82|9|0|0|0|187,13|32,75|0|0|0|2,57|11,86|0|0|
|C190|020|5117|17,5|93,79|68,1|11,92|0|0|25,69|0||
|C100|1|0|18832|55|00|62|161808|43210188579701000178550620001618081749419200|14012021|14012021|277,2|2|0|0|277,2|9|0|0|0|22,97|4,02|0|0|0|4,26|19,61|0|0|
|C190|020|5102|17,5|31,63|22,97|4,02|0|0|8,66|0||
|C190|040|5102|0|42,5|0|0|0|0|0|0||
|C100|1|0||65|00|101|36247|43210188579701000178651010000362471102698287|14012021|14012021|128,8|2|0|0|128,8|9|0|0|0|0|0||||||||
|C190|040|5102|0|69|0|0|0|0|0|0||
|C100|1|0|29089|55|00|62|161846|43210188579701000178550620001618461386527316|15012021|15012021|1086,65|2|0|0|804,91|9|140|0|141,74|155,14|27,15|0|0|0|17,93|82,58|0|0|
|C190|040|5102|0|931,51|0|0|0|0|0|0||
|C100|1|0|18948|55|00|62|161854|43210188579701000178550620001618541447178962|15012021|15012021|1133,32|2|0|0|1084,36|9|48,96|0|0|499,41|87,39|0|0|0|16,78|77,32|0|0|
|C190|020|5102|17,5|191,58|139,11|24,34|0|0|52,47|0||
|C100|1|0|32885|55|00|62|161855|43210188579701000178550620001618551920218811|15012021|15012021|1330,19|2|0|0|1227,69|9|100|0|2,5|589,83|103,22|0|0|0|18,97|87,4|0|0|
|C190|020|5102|17,5|297,91|216,31|37,85|0|0|81,6|0||
|C100|1|0|33436|55|00|62|161861|43210188579701000178550620001618611205975822|15012021|15012021|126,52|2|0|0|126,52|9|0|0|0|91,87|16,08|0|0|0|0,82|3,8|0|0|
|C190|020|5102|17,5|126,52|91,87|16,08|0|0|34,65|0||
|C100|1|0|19666|55|00|62|161879|43210188579701000178550620001618791826734943|15012021|15012021|1203,19|2|0|0|1134,61|9|68,58|0|0|210,04|36,76|0|0|0|18,88|86,95|0|0|
|C190|020|5102|17,5|97,19|70,57|12,35|0|0|26,62|0||
|C190|040|5102|0|450,69|0|0|0|0|0|0||
|C100|1|0|32758|55|00|62|161883|43210188579701000178550620001618831716375755|15012021|15012021|240,31|2|0|0|165,96|9|50,97|0|23,38|66,51|11,64|0|0|0|3,05|14,06|0|0|
|C190|020|5102|17,5|91,6|66,51|11,64|0|0|25,09|0||
|C100|1|0|28908|55|00|62|161936|43210188579701000178550620001619361615720738|15012021|15012021|183,3|2|0|0|183,3|9|0|0|0|133,09|23,29|0|0|0|1,19|5,5|0|0|
|C190|020|5102|17,5|183,3|133,09|23,29|0|0|50,21|0||
|C100|1|0|17574|55|00|62|161985|43210188579701000178550620001619851611376590|15012021|15012021|3169,28|2|0|0|3169,28|9|0|0|0|0|0|0|0|0|52,3|240,87|0|0|
|C190|040|5117|0|3169,28|0|0|0|0|0|0||
|C100|1|0||65|00|101|36329|43210188579701000178651010000363291142852241|15012021|15012021|257,63|2|11,12|0|268,75|9|0|0|0|0|0||||||||
|C190|040|5102|0|38|0|0|0|0|0|0||
|C100|1|0||65|00|101|36404|43210188579701000178651010000364041182894120|15012021|15012021|881,57|2|0|0|881,57|9|0|0|0|362,91|63,51||||||||
|C190|020|5102|17,5|183,3|133,09|23,29|0|0|50,21|0||
|C100|1|0|21401|55|00|62|161995|43210188579701000178550620001619951319627983|16012021|16012021|910,87|2|0|0|632,04|9|60|0|218,83|317,47|55,56|0|0|0|13,67|62,93|0|0|
|C190|020|5102|17,5|136,75|99,29|17,38|0|0|37,46|0||
|C100|1|0|21940|55|00|62|161997|43210188579701000178550620001619971614673871|16012021|16012021|413,12|2|0|0|413,12|9|0|0|0|362,91|63,51|0|0|0|4,98|22,97|0|0|
|C190|020|5102|17,5|183,3|133,09|23,29|0|0|50,21|0||
|C100|1|0|33612|55|00|62|161998|43210188579701000178550620001619981582577551|16012021|16012021|623,38|2|0|0|602,4|9|19,75|0|1,23|67,17|11,76|0|0|0|10,3|47,36|0|0|
|C190|020|5102|17,5|92,51|67,17|11,76|0|0|25,34|0||
|C100|1|0|17574|55|00|62|162002|43210188579701000178550620001620021444199220|16012021|16012021|1058,4|2|0|0|1058,4|9|0|0|0|0|0|0|0|0|17,46|80,44|0|0|
|C190|040|5117|0|1058,4|0|0|0|0|0|0||
|C100|1|0|17373|55|00|62|162003|43210188579701000178550620001620031636105921|16012021|16012021|438,57|2|48,73|0|487,3|9|0|0|0|119,78|20,96|0|0|0|5,58|25,74|0|0|
|C190|020|5102|17,5|164,97|119,78|20,96|0|0|45,19|0||
|C100|1|0|31008|55|00|62|162005|43210188579701000178550620001620051841360339|16012021|16012021|923,3|2|0|0|923,3|9|0|0|0|0|0|0|0|0|15,24|70,17|0|0|
|C190|040|5102|0|272|0|0|0|0|0|0||
|C100|1|0|33634|55|00|62|162007|43210188579701000178550620001620071775124983|16012021|16012021|1550,26|2|0|0|1542,76|9|0|0|7,5|121,75|21,31|0|0|0|25,58|117,83|0|0|
|C190|040|5102|0|1306,32|0|0|0|0|0|0||
|C100|1|0|33673|55|00|62|162010|43210188579701000178550620001620101453755697|16012021|16012021|491,61|2|0|0|470,91|9|19,25|0|1,45|119,96|20,99|0|0|0|8,11|37,37|0|0|
|C190|040|5102|0|212,97|0|0|0|0|0|0||
|C100|1|0|20288|55|00|62|162025|43210188579701000178550620001620251885037099|16012021|16012021|806,25|2|0|0|718,75|9|80|0|7,5|128,9|22,56|0|0|0|13,31|61,28|0|0|
|C190|040|5102|0|381,39|0|0|0|0|0|0||
|C100|1|0|33554|55|00|62|162038|43210188579701000178550620001620381742674760|16012021|16012021|474,1|2|0|0|352,81|9|68,9|0|52,39|243,84|42,67|0|0|0|6,6|30,37|0|0|
|C190|020|5102|17,5|123,16|89,43|15,65|0|0|33,73|0||
|C100|1|0|28866|55|00|62|162043|43210188579701000178550620001620431837382537|18012021|18012021|2122,9|2|0|0|2077,32|9|45,58|0|0|234,86|41,1|0|0|0|35,03|161,34|0|0|
|C190|040|5102|0|868,65|0|0|0|0|0|0||
|C100|1|0|29619|55|00|62|162060|43210188579701000178550620001620601251383243|18012021|18012021|371,31|2|0|0|248,81|9|120|0|2,5|171,48|30,01|0|0|0|6,13|28,22|0|0|
|C190|040|5102|0|154,46|0|0|0|0|0|0||
|C100|1|0|21854|55|00|62|162063|43210188579701000178550620001620631960634762|18012021|18012021|267,36|2|0|0|267,36|9|0|0|0|181,46|31,76|0|0|0|3,5|16,1|0|0|
|C190|020|5102|17,5|91,65|66,55|11,65|0|0|25,1|0||
|C100|1|0|20733|55|00|62|162067|43210188579701000178550620001620671536525802|18012021|18012021|2634,06|2|0|0|2494,06|9|140|0|0|606,81|106,19|0|0|0|43,46|200,19|0|0|
|C190|040|5102|0|179,54|0|0|0|0|0|0||
|C100|1|0|17372|55|00|62|162095|43210188579701000178550620001620951149090785|18012021|18012021|1034,83|2|220,76|0|1255,6|9|0|0|0|76,91|13,46|0|0|0|17,08|78,65|0|0|
|C190|040|5102|0|957,92|0|0|0|0|0|0||
|C100|1|0|33456|55|00|62|162120|43210188579701000178550620001621201408219139|18012021|18012021|1325,07|2|0|0|1273,5|9|51,57|0|0|0|0|0|0|0|21,86|100,7|0|0|
|C190|040|5102|0|78,97|0|0|0|0|0|0||
|C100|1|0|31444|55|00|62|162126|43210188579701000178550620001621261237473501|18012021|18012021|1363,92|2|0|0|1243,92|9|120|0|0|283,68|49,65|0|0|0|22,5|103,67|0|0|
|C190|040|5102|0|712,7|0|0|0|0|0|0||
|C100|1|0|30754|55|00|62|162130|43210188579701000178550620001621301267407356|18012021|18012021|663,42|2|0|0|632,58|9|30,84|0|0|481,71|84,3|0|0|0|4,31|19,9|0|0|
|C190|020|5102|17,5|663,42|481,71|84,3|0|0|181,71|0||
|C100|1|0|33207|55|00|62|162149|43210188579701000178550620001621491660376098|18012021|18012021|364,86|2|0|0|284,86|9|80|0|0|64,63|11,31|0|0|0|6,02|27,73|0|0|
|C190|040|5102|0|261,29|0|0|0|0|0|0||
|C100|1|0|33623|55|00|62|162155|43210188579701000178550620001621551291943423|18012021|18012021|750|2|0|0|690|9|60|0|0|0|0|0|0|0|12,38|57|0|0|
|C190|040|5102|0|750|0|0|0|0|0|0||
|C100|1|0|30198|55|00|62|162159|43210188579701000178550620001621591365632484|18012021|18012021|104,5|2|0|0|104,5|9|0|0|0|0|0|0|0|0|1,72|7,94|0|0|
|C190|040|5102|0|104,5|0|0|0|0|0|0||
|C100|1|0|32457|55|00|62|162201|43210188579701000178550620001622011782500836|19012021|19012021|408,16|2|0|0|328,16|9|80|0|0|225,69|39,49|0|0|0|5,6|25,78|0|0|
|C190|020|5102|17,5|113,99|82,77|14,48|0|0|31,22|0||
|C100|1|0|29999|55|00|62|162212|43210188579701000178550620001622121298831017|19012021|19012021|1022,76|2|0|0|937,76|9|80|0|5|0|0|0|0|0|16,88|77,73|0|0|
|C190|040|5102|0|779,81|0|0|0|0|0|0||
|C100|1|0|17372|55|00|62|162219|43210188579701000178550620001622191644058750|19012021|19012021|75,91|2|18,98|0|94,89|9|0|0|0|55,12|9,65|0|0|0|0,49|2,28|0|0|
|C190|020|5102|17,5|75,91|55,12|9,65|0|0|20,79|0||
|C100|1|0|18814|55|00|62|162226|43210188579701000178550620001622261226178401|19012021|19012021|861,52|2|0|0|781,52|9|80|0|0|400,07|70,02|0|0|0|1,31|6,06|0|0|
|C190|020|5102|17,5|202,06|146,72|25,68|0|0|55,34|0||
|C100|1|0|33783|55|00|62|162230|43210188579701000178550620001622301418712255|19012021|19012021|12632,6|2|0|0|11952,6|9|680|0|0|0|0|0|0|0|208,45|960,08|0|0|
|C190|040|5102|0|5051,94|0|0|0|0|0|0||
|C100|1|0|32225|55|00|62|162242|43210188579701000178550620001622421874318344|19012021|19012021|273,3|2|0|0|183,3|9|90|0|0|198,44|34,73|0|0|0|1,78|8,2|0|0|
|C190|020|5102|17,5|273,3|198,44|34,73|0|0|74,86|0||
|C100|1|0|30991|55|00|62|162258|43210188579701000178550620001622581999825870|19012021|19012021|670,35|2|0|0|670,35|9|0|0|0|158,97|27,82|0|0|0|11,06|50,95|0|0|
|C190|020|5102|17,5|449,9|143,97|25,19|0|0|305,93|0||
|C100|1|0|19708|55|00|62|162267|43210188579701000178550620001622671421863676|19012021|19012021|714,15|2|0|0|714,15|9|0|0|0|0|0|0|0|0|11,78|54,28|0|0|
|C190|040|5102|0|714,15|0|0|0|0|0|0||
|C100|1|0|17373|55|00|62|162294|43210188579701000178550620001622941866684490|19012021|19012021|175,39|2|19,49|0|194,88|9|0|0|0|119,78|20,96|0|0|0|1,24|5,74|0|0|
|C190|020|5102|17,5|164,97|119,78|20,96|0|0|45,19|0||
|C100|1|0|19750|55|00|62|162299|43210188579701000178550620001622991907730390|19012021|19012021|180,58|2|0|0|122,83|9|57,75|0|0|33,76|5,91|0|0|0|2,51|11,59|0|0|
|C190|020|5102|17,5|46,5|33,76|5,91|0|0|12,74|0||
|C100|1|0|32445|55|00|62|162317|43210188579701000178550620001623171911347295|19012021|19012021|1906,82|2|0|0|1766,82|9|140|0|0|248,03|43,41|0|0|0|31,46|144,91|0|0|
|C190|040|5102|0|636,75|0|0|0|0|0|0||
|C100|1|0|24745|55|00|62|162325|43210188579701000178550620001623251383456970|19012021|19012021|2766,27|2|0|0|2761,27|9|0|0|5|140,54|24,59|0|0|0|43,81|201,8|0|0|
|C190|020|5102|17,5|183,63|133,33|23,33|0|0|50,3|0||
|C190|040|5102|0|2063,73|0|0|0|0|0|0||
|C100|1|0|32225|55|00|62|162327|43210188579701000178550620001623271295370467|19012021|19012021|181,65|2|0|0|91,65|9|90|0|0|131,9|23,08|0|0|0|1,18|5,45|0|0|
|C190|020|5102|17,5|181,65|131,9|23,08|0|0|49,75|0||
|C100|1|0|20821|55|00|62|162330|43210188579701000178550620001623301332978376|19012021|19012021|531,43|2|0|0|461,43|9|70|0|0|211,6|37,03|0|0|0|5,85|26,98|0|0|
|C190|020|5102|17,5|291,42|211,6|37,03|0|0|79,82|0||
|C100|1|0|20209|55|00|62|162365|43210188579701000178550620001623651850487952|19012021|19012021|879,71|2|0|0|824,03|9|55,68|0|0|196,14|34,32|0|0|0|11,82|54,43|0|0|
|C190|020|5102|17,5|270,13|196,14|34,32|0|0|73,99|0||
|C100|1|0|20472|55|00|62|162366|43210188579701000178550620001623661314392830|19012021|19012021|556|2|0|0|476|9|80|0|0|0|0|0|0|0|9,17|42,26|0|0|
|C190|040|5102|0|556|0|0|0|0|0|0||
|C100|1|0|19335|55|00|62|162367|43210188579701000178550620001623671435685088|19012021|19012021|374|2|0|0|374|9|0|0|0|0|0|0|0|0|6,17|28,42|0|0|
|C190|040|5117|0|374|0|0|0|0|0|0||
|C100|1|0|20437|55|00|62|162369|43210188579701000178550620001623691012982466|19012021|19012021|2109,52|2|0|0|2109,52|9|0|0|0|362,91|63,51|0|0|0|32,96|151,9|0|0|
|C190|020|5102|17,5|183,3|133,09|23,29|0|0|50,21|0||
|C100|1|0||65|00|101|36747|43210188579701000178651010000367471822857992|19012021|19012021|91,65|2|0|0|91,65|9|0|0|0|66,55|11,65||||||||
|C190|020|5102|17,5|91,65|66,55|11,65|0|0|25,1|0||
|C100|1|0||65|00|101|36835|43210188579701000178651010000368351118598416|19012021|19012021|209,6|2|0|0|209,6|9|0|0|0|15,6|2,73||||||||
|C190|040|5102|0|172,5|0|0|0|0|0|0||
|C100|1|0|32978|55|00|62|162399|43210188579701000178550620001623991989715506|20012021|20012021|9745,65|2|302,25|0|10047,9|9|0|0|0|0|0|0|0|0|160,81|740,66|0|0|
|C190|040|5117|0|5200|0|0|0|0|0|0||
|C100|1|0|33797|55|00|62|162409|43210188579701000178550620001624091493819301|20012021|20012021|1305,77|2|26,57|0|1274,84|9|50|0|7,5|499,84|87,47|0|0|0|19,63|90,42|0|0|
|C190|020|5102|17,5|191,74|139,22|24,36|0|0|52,52|0||
|C100|1|0|17377|55|00|62|162420|43210188579701000178550620001624201912042111|20012021|20012021|13,84|2|0|0|13,8|9|0|0|0,04|0|0|0|0|0|0,23|1,05|0|0|
|C190|040|5102|0|13,84|0|0|0|0|0|0||
|C100|1|0|33201|55|00|62|162467|43210188579701000178550620001624671707201102|20012021|20012021|1597,36|2|0|0|1502,36|9|90|0|5|508,05|88,9|0|0|0|24,41|112,45|0|0|
|C190|020|5102|17,5|194,89|141,51|24,76|0|0|53,38|0||
|C100|1|0|33623|55|00|62|162512|43210188579701000178550620001625121980146672|20012021|20012021|876,01|2|0|0|733,51|9|140|0|2,5|137,23|24,02|0|0|0|14,45|66,57|0|0|
|C190|040|5102|0|412,03|0|0|0|0|0|0||
|C100|1|0|18542|55|00|62|162534|43210188579701000178550620001625341641712850|20012021|20012021|796,17|2|0|0|649,32|9|90|0|56,85|579,01|101,32|0|0|0|12,02|55,33|0|0|
|C190|020|5102|17,5|112,37|81,59|14,28|0|0|30,78|0||
|C100|1|0|17373|55|00|62|162536|43210188579701000178550620001625361364882140|20012021|20012021|1059,84|2|117,76|0|1177,6|9|0|0|0|0|0|0|0|0|17,49|80,55|0|0|
|C190|040|5102|0|1059,84|0|0|0|0|0|0||
|C100|1|0|30278|55|00|62|162545|43210188579701000178550620001625451299865974|20012021|20012021|1424|2|0|0|1324|9|100|0|0|0|0|0|0|0|23,49|108,23|0|0|
|C190|040|5102|0|1097,04|0|0|0|0|0|0||
|C100|1|0|30278|55|00|62|162549|43210188579701000178550620001625491146648437|20012021|20012021|894,76|2|0|0|794,76|9|100|0|0|204,29|35,75|0|0|0|13,73|63,26|0|0|
|C190|020|5102|17,5|103,18|74,92|13,11|0|0|28,26|0||
|C190|040|5102|0|388,41|0|0|0|0|0|0||
|C100|1|0||65|00|101|36912|43210188579701000178651010000369121377721290|20012021|20012021|60,13|2|0|0|60,13|9|0|0|0|0|0||||||||
|C190|040|5102|0|20,65|0|0|0|0|0|0||
|C100|1|0||65|00|101|37032|43210188579701000178651010000370321365168794|20012021|20012021|29,5|2|0|0|29,5|9|0|0|0|0|0||||||||
|C190|040|5102|0|29,5|0|0|0|0|0|0||
|C100|1|0|29619|55|00|62|162592|43210188579701000178550620001625921657078165|21012021|21012021|295|2|0|0|232,5|9|60|0|2,5|0|0|0|0|0|4,87|22,42|0|0|
|C190|040|5102|0|131,32|0|0|0|0|0|0||
|C100|1|0|33800|55|00|62|162614|43210188579701000178550620001626141044035401|21012021|21012021|1305,73|2|49,93|0|1273,16|9|80|0|2,5|0|0|0|0|0|21,54|99,24|0|0|
|C190|040|5102|0|368,27|0|0|0|0|0|0||
|C100|1|0|33718|55|00|62|162626|43210188579701000178550620001626261045393280|21012021|21012021|912,04|2|0|0|832,04|9|80|0|0|523,78|91,66|0|0|0|13,05|60,08|0|0|
|C190|020|5102|17,5|200,92|145,89|25,53|0|0|55,03|0||
|C100|1|0|33809|55|00|62|162636|43210188579701000178550620001626361994641287|21012021|21012021|715,09|2|0|0|636,45|9|78,64|0|0|74,77|13,08|0|0|0|10,78|49,61|0|0|
|C190|020|5102|17,5|102,97|74,77|13,08|0|0|28,2|0||
|C190|040|5102|0|387,63|0|0|0|0|0|0||
|C100|1|0|30581|55|00|62|162683|43210188579701000178550620001626831472680051|21012021|21012021|1221,58|2|0|0|1213,5|9|8,08|0|0|0|0|0|0|0|20,16|92,83|0|0|
|C190|040|5102|0|347,3|0|0|0|0|0|0||
|C100|1|0|29989|55|00|62|162692|43210188579701000178550620001626921097632052|21012021|21012021|2456,55|2|0|0|2393,5|9|63,05|0|0|0|0|0|0|0|40,54|186,7|0|0|
|C190|040|5102|0|472,12|0|0|0|0|0|0||
|C100|1|0|31444|55|00|62|162712|43210188579701000178550620001627121364539657|21012021|21012021|390|2|0|0|390|9|0|0|0|0|0|0|0|0|6,44|29,64|0|0|
|C190|040|5102|0|390|0|0|0|0|0|0||
|C100|1|0|28798|55|00|62|162742|43210188579701000178550620001627421738097690|22012021|22012021|908,5|2|0|0|846|9|60|0|2,5|0|0|0|0|0|14,99|69,05|0|0|
|C190|040|5102|0|418,81|0|0|0|0|0|0||
|C100|1|0|28798|55|00|62|162744|43210188579701000178550620001627441377831851|22012021|22012021|315,53|2|0|0|253,03|9|60|0|2,5|229,11|40,09|0|0|0|2,05|9,47|0|0|
|C190|020|5102|17,5|315,53|229,11|40,09|0|0|86,42|0||
|C100|1|0|33844|55|00|62|162812|43210188579701000178550620001628121512774743|22012021|22012021|464,83|2|0|0|394,83|9|70|0|0|172,9|30,25|0|0|0|6,92|31,9|0|0|
|C190|020|5102|17,5|74,48|54,08|9,46|0|0|20,4|0||
|C100|1|0|31794|55|00|62|162829|43210188579701000178550620001628291134044110|22012021|22012021|10015|2|0|0|10010|9|0|0|5|7271,89|1272,58|0|0|0|165,25|761,14|0|0|
|C190|020|5102|17,5|10015|7271,89|1272,58|0|0|2743,11|0||
|C100|1|0|31812|55|00|62|162832|43210188579701000178550620001628321550015830|22012021|22012021|30881,3|2|0|0|30878,8|9|0|0|2,5|22422,91|3924,01|0|0|0|509,54|2346,98|0|0|
|C190|020|5102|17,5|30881,3|22422,91|3924,01|0|0|8458,39|0||
|C100|1|0|30638|55|00|62|162833|43210188579701000178550620001628331720480471|22012021|22012021|31324,1|2|0|0|31319,1|9|0|0|5|22744,43|3980,28|0|0|0|516,85|2380,63|0|0|
|C190|020|5102|17,5|31324,1|22744,43|3980,28|0|0|8579,67|0||
|C100|1|0|19979|55|00|62|162858|43210188579701000178550620001628581935168510|22012021|22012021|643,8|2|0|0|638,8|9|0|0|5|0|0|0|0|0|10,62|48,93|0|0|
|C190|040|5102|0|75,38|0|0|0|0|0|0||
|C100|1|0|20729|55|00|62|162878|43210188579701000178550620001628781749184589|22012021|22012021|5359,1|2|0|0|5009,1|9|350|0|0|4789,11|838,09|0|0|0|88,42|407,29|0|0|
|C190|020|5102|17,5|733,4|532,52|93,19|0|0|200,88|0||
|C100|1|0|33892|55|00|62|162898|43210188579701000178550620001628981192897445|23012021|23012021|337,36|2|0|0|267,36|9|70|0|0|228,97|40,08|0|0|0|4,41|20,32|0|0|
|C190|020|5102|17,5|115,65|83,97|14,7|0|0|31,68|0||
|C100|1|0|22156|55|00|62|162911|43210188579701000178550620001629111744209369|23012021|23012021|1567,78|2|0|0|1485,28|9|80|0|2,5|243,04|42,53|0|0|0|24,9|114,69|0|0|
|C190|020|5102|17,5|96,74|70,24|12,29|0|0|26,5|0||
|C100|1|0|24790|55|00|62|162917|43210188579701000178550620001629171608212179|23012021|23012021|725,58|2|0|0|578,95|9|78,39|0|68,24|250,21|43,79|0|0|0|8,53|39,3|0|0|
|C190|020|5102|17,5|344,59|250,21|43,79|0|0|94,38|0||
|C100|1|0|33547|55|00|62|162920|43210188579701000178550620001629201823923730|23012021|23012021|320,91|2|0|0|250,91|9|70|0|0|146,97|25,72|0|0|0|5,3|24,39|0|0|
|C190|040|5102|0|173,94|0|0|0|0|0|0||
|C100|1|0|19882|55|00|62|162948|43210188579701000178550620001629481028746778|25012021|25012021|1342,1|2|0|0|1342,1|9|0|0|0|1184,84|207,35|0|0|0|22,14|102|0|0|
|C190|520|5102|17,5|467,5|352,64|61,71|0|0|114,86|0||
|C100|1|0|21443|55|00|62|162960|43210188579701000178550620001629601851895848|25012021|25012021|506,39|2|0|0|436,39|9|70|0|0|477,26|83,52|0|0|0|7,29|33,59|0|0|
|C190|020|5102|17,5|106,35|77,22|13,51|0|0|29,13|0||
|C100|1|0|29999|55|00|62|162972|43210188579701000178550620001629721093263617|25012021|25012021|802,5|2|0|0|715|9|80|0|7,5|0|0|0|0|0|13,24|60,99|0|0|
|C190|040|5102|0|802,5|0|0|0|0|0|0||
|C100|1|0|33798|55|00|62|162989|43210188579701000178550620001629891293399986|25012021|25012021|1494,7|2|0|0|1424,7|9|70|0|0|0|0|0|0|0|24,66|113,59|0|0|
|C190|040|5102|0|217,17|0|0|0|0|0|0||
|C100|1|0|17596|55|00|62|163035|43210188579701000178550620001630351166686581|25012021|25012021|138|2|0|0|138|9|0|0|0|0|0|0|0|0|2,28|10,49|0|0|
|C190|040|5102|0|138|0|0|0|0|0|0||
|C100|1|0|30754|55|00|62|163078|43210188579701000178550620001630781654444819|25012021|25012021|316,29|2|0|0|316,29|9|0|0|0|229,66|40,19|0|0|0|2,06|9,49|0|0|
|C190|020|5102|17,5|316,29|229,66|40,19|0|0|86,63|0||
|C100|1|0|30754|55|00|62|163079|43210188579701000178550620001630791151827022|25012021|25012021|316,29|2|0|0|316,29|9|0|0|0|229,66|40,19|0|0|0|2,06|9,49|0|0|
|C190|020|5102|17,5|316,29|229,66|40,19|0|0|86,63|0||
|C100|1|0|28070|55|00|62|163083|43210188579701000178550620001630831250454820|25012021|25012021|462,8|2|0|0|462,8|9|0|0|0|145,59|25,48|0|0|0|5,81|26,74|0|0|
|C190|020|5102|17,5|183,3|133,09|23,29|0|0|50,21|0||
|C100|1|0|33830|55|00|62|163084|43210188579701000178550620001630841968833033|25012021|25012021|1461,75|2|0|0|1341,75|9|120|0|0|235,22|41,17|0|0|0|23,13|106,49|0|0|
|C190|020|5102|17,5|99,85|72,5|12,69|0|0|27,35|0||
|C190|040|5102|0|820,89|0|0|0|0|0|0||
|C100|1|0|18289|55|00|62|163104|43210188579701000178550620001631041844851093|25012021|25012021|132,3|2|0|0|129,8|9|0|0|2,5|45,66|7,99|0|0|0|2,18|10,05|0|0|
|C190|040|5102|0|86,64|0|0|0|0|0|0||
|C100|1|0|20833|55|00|62|163117|43210188579701000178550620001631171736743801|25012021|25012021|749,16|2|0|0|663,64|9|85,52|0|0|389,16|68,1|0|0|0|12,36|56,95|0|0|
|C190|040|5102|0|38,39|0|0|0|0|0|0||
|C100|1|0||65|00|101|37535|43210188579701000178651010000375351688361358|25012021|25012021|202,23|2|0|0|199,8|9|0|0|2,43|0|0||||||||
|C190|040|5102|0|129,05|0|0|0|0|0|0||
|C100|1|0|27935|55|00|62|163145|43210188579701000178550620001631451156823170|26012021|26012021|467,5|2|0|0|467,5|9|0|0|0|352,64|61,71|0|0|0|7,71|35,53|0|0|
|C190|520|5102|17,5|467,5|352,64|61,71|0|0|114,86|0||
|C100|1|0|33845|55|00|62|163180|43210188579701000178550620001631801591659825|26012021|26012021|1871,84|2|0|0|1562,92|9|137,8|0|171,12|719,95|126|0|0|0|27,13|125|0|0|
|C190|020|5102|17,5|375,25|272,47|47,69|0|0|102,78|0||
|C100|1|0|19949|55|00|62|163258|43210188579701000178550620001632581971511441|26012021|26012021|7084,8|2|0|0|6904,8|9|180|0|0|0|0|0|0|0|116,9|538,45|0|0|
|C190|040|5102|0|7084,8|0|0|0|0|0|0||
|C100|1|0|31444|55|00|62|163260|43210188579701000178550620001632601734264597|26012021|26012021|1176,72|2|0|0|1077,82|9|98,9|0|0|250,91|43,91|0|0|0|19,42|89,43|0|0|
|C190|040|5102|0|709,64|0|0|0|0|0|0||
|C100|1|0||65|00|101|37723|43210188579701000178651010000377231347317065|26012021|26012021|34,5|2|0|0|34,5|9|0|0|0|0|0||||||||
|C190|040|5102|0|34,5|0|0|0|0|0|0||
|C100|1|0|17842|55|00|62|163297|43210188579701000178550620001632971696261298|27012021|27012021|1401,79|2|0|0|1321,79|9|80|0|0|243,56|42,62|0|0|0|19,77|91,1|0|0|
|C190|020|5102|17,5|335,43|243,56|42,62|0|0|91,87|0||
|C100|1|0|33821|55|00|62|163301|43210188579701000178550620001633011215113932|27012021|27012021|3823,6|2|0|0|3683,6|9|140|0|0|2776,32|485,86|0|0|0|63,09|290,59|0|0|
|C190|020|5102|17,5|3823,6|2776,32|485,86|0|0|1047,28|0||
|C100|1|0|21297|55|00|62|163304|43210188579701000178550620001633041043454038|27012021|27012021|136|2|0|0|136|9|0|0|0|0|0|0|0|0|2,24|10,34|0|0|
|C190|040|5102|0|136|0|0|0|0|0|0||
|C100|1|0|19708|55|00|62|163329|43210188579701000178550620001633291544531875|27012021|27012021|395,65|2|0|0|395,65|9|0|0|0|66,55|11,65|0|0|0|5,62|25,85|0|0|
|C190|020|5102|17,5|91,65|66,55|11,65|0|0|25,1|0||
|C100|1|0|33868|55|00|62|163383|43210188579701000178550620001633831394510449|27012021|27012021|3252,85|2|0|0|3250,35|9|0|0|2,5|1696,27|296,85|0|0|0|53,68|247,21|0|0|
|C190|020|5102|17,5|2336,14|1696,27|296,85|0|0|639,87|0||
|C100|1|0|21850|55|00|62|163397|43210188579701000178550620001633971881952345|27012021|27012021|161,65|2|0|0|91,65|9|70|0|0|117,37|20,54|0|0|0|1,05|4,85|0|0|
|C190|020|5102|17,5|161,65|117,37|20,54|0|0|44,28|0||
|C100|1|0|33800|55|00|62|163409|43210188579701000178550620001634091201793956|28012021|28012021|694,5|2|0|0|612|9|80|0|2,5|0|0|0|0|0|11,46|52,78|0|0|
|C190|040|5102|0|694,5|0|0|0|0|0|0||
|C100|1|0|33608|55|00|62|163422|43210188579701000178550620001634221362738258|28012021|28012021|446,6|2|0|0|366,6|9|80|0|0|324,28|56,75|0|0|0|2,9|13,4|0|0|
|C190|020|5102|17,5|446,6|324,28|56,75|0|0|122,32|0||
|C100|1|0|30159|55|00|62|163434|43210188579701000178550620001634341549444836|28012021|28012021|1820,73|2|0|0|1718,39|9|97,47|0|4,87|610,92|106,92|0|0|0|29,07|133,9|0|0|
|C190|020|5102|17,5|97,1|70,5|12,34|0|0|26,6|0||
|C100|1|0|20946|55|00|62|163466|43210188579701000178550620001634661387859037|28012021|28012021|552|2|0|0|552|9|0|0|0|0|0|0|0|0|9,11|41,95|0|0|
|C190|040|5102|0|552|0|0|0|0|0|0||
|C100|1|0|31265|55|00|62|163497|43210188579701000178550620001634971223180640|28012021|28012021|667,92|2|0|0|562,4|9|44,87|0|60,65|0|0|0|0|0|11,02|50,76|0|0|
|C190|040|5102|0|451,3|0|0|0|0|0|0||
|C100|1|0|33989|55|00|62|163512|43210188579701000178550620001635121126718426|28012021|28012021|712,4|2|0|0|712,4|9|0|0|0|0|0|0|0|0|11,76|54,14|0|0|
|C190|040|5102|0|69|0|0|0|0|0|0||
|C100|1|0|22080|55|00|62|163532|43210188579701000178550620001635321203799769|28012021|28012021|449,9|2|0|0|449,9|9|0|0|0|143,97|25,19|0|0|0|7,42|34,19|0|0|
|C190|020|5102|17,5|449,9|143,97|25,19|0|0|305,93|0||
|C100|1|0|19941|55|00|62|163534|43210188579701000178550620001635341548093148|28012021|28012021|1022,64|2|0|0|917,64|9|100|0|5|135,02|23,63|0|0|0|16,87|77,72|0|0|
|C190|040|5102|0|640,79|0|0|0|0|0|0||
|C100|1|0|33979|55|00|62|163537|43210188579701000178550620001635371545579327|28012021|28012021|44,25|2|0|0|44,25|9|0|0|0|0|0|0|0|0|0,73|3,36|0|0|
|C190|040|5102|0|44,25|0|0|0|0|0|0||
|C100|1|0||65|00|101|37996|43210188579701000178651010000379961353455919|28012021|28012021|7,65|2|0|0|7,65|9|0|0|0|0|0||||||||
|C190|040|5102|0|7,65|0|0|0|0|0|0||
|C100|1|0||65|00|101|38020|43210188579701000178651010000380201334128131|28012021|28012021|44,03|2|0|0|44,03|9|0|0|0|11,58|2,03||||||||
|C190|520|5102|17,5|15,35|11,58|2,03|0|0|3,77|0||
|C100|1|0|31179|55|00|62|163577|43210188579701000178550620001635771812389260|29012021|29012021|3713,57|2|0|0|3505,3|9|202,2|0|6,07|0|0|0|0|0|61,27|282,24|0|0|
|C190|040|5102|0|3045,82|0|0|0|0|0|0||
|C100|1|0|17878|55|00|62|163589|43210188579701000178550620001635891907660450|29012021|29012021|2035,9|2|0|0|1893,4|9|140|0|2,5|888,85|155,55|0|0|0|29,66|136,6|0|0|
|C190|020|5102|17,5|394,19|286,22|50,09|0|0|107,97|0||
|C100|1|0|18575|55|00|62|163604|43210188579701000178550620001636041424891367|29012021|29012021|118|2|0|0|118|9|0|0|0|0|0|0|0|0|1,95|8,97|0|0|
|C190|040|5102|0|118|0|0|0|0|0|0||
|C100|1|0|29622|55|00|62|163635|43210188579701000178550620001636351079484142|29012021|29012021|1817,25|2|0|0|1719,26|9|97,99|0|0|191,8|33,57|0|0|0|29,01|133,65|0|0|
|C190|020|5102|17,5|96,87|70,34|12,31|0|0|26,53|0||
|C190|040|5102|0|503,13|0|0|0|0|0|0||
|C100|1|0||65|00|101|38163|43210188579701000178651010000381631518050928|29012021|29012021|38,25|2|0|0|38,25|9|0|0|0|0|0||||||||
|C190|040|5102|0|38,25|0|0|0|0|0|0||
|C100|1|0|21792|55|00|62|163695|43210188579701000178550620001636951901846539|30012021|30012021|6261,73|2|0|0|4797,4|9|94,27|0|1370,06|703,5|123,11|0|0|0|100,93|464,87|0|0|
|C190|020|5102|17,5|239,25|173,72|30,4|0|0|65,53|0||
|C190|040|5102|0|1109,46|0|0|0|0|0|0||
|C100|1|0||65|00|101|38226|43210188579701000178651010000382261551308124|30012021|30012021|387,75|2|0|0|387,75|9|0|0|0|0|0||||||||
|C190|040|5102|0|255|0|0|0|0|0|0||
