|0000|015|0|01022021|28022021|SCHIRMANN MATERIAIS E SOLUCOES PARA A CONSTRUCAO LTDA|88579701000500||RS|0650149130|4310207|||A|1|
|C100|1|0||65|00|21|33126|43210288579701000500650210000331261263726639|05022021|05022021|540,8|2|0|0|540,8|9|0|0|0|379,84|66,47||||||||
|C190|520|5102|17,5|467,5|352,64|61,71|0|0|114,86|0||
|C100|1|0|17632|55|00|1|165732|43210288579701000500550010001657321257662593|06022021|06022021|467,5|2|0|0|467,5|9|0|0|0|352,64|61,71|0|0|0|7,71|35,53|0|0|
|C190|520|5102|17,5|467,5|352,64|61,71|0|0|114,86|0||
|C100|1|0|15742|55|00|1|165938|43210288579701000500550010001659381199371700|08022021|08022021|1836|2|204|0|2040|9|0|0|0|0|0|0|0|0|30,29|139,54|0|0|
|C190|040|5117|0|1836|0|0|0|0|0|0||
|C100|1|0||65|00|21|33679|43210288579701000500650210000336791914017437|10022021|10022021|111,2|2|0|0|111,2|9|0|0|0|12,22|2,14||||||||
|C190|520|5102|17,5|16,2|12,22|2,14|0|0|3,98|0||
|C100|1|0|8167|55|00|1|166316|43210288579701000500550010001663161230820804|11022021|11022021|2235,11|2|15,88|0|2127,95|9|123,04|0|0|1356,01|237,31|0|0|0|34,94|160,94|0|0|
|C190|020|5117|17,5|193,98|140,85|24,65|0|0|53,13|0||
|C100|1|0|6022|55|00|1|166486|43210288579701000500550010001664861897956326|12022021|12022021|365,9|2|0|0|360,9|9|0|0|5|108,1|18,92|0|0|0|6,04|27,81|0|0|
|C190|520|5102|17,5|16,42|12,39|2,17|0|0|4,03|0||
|C100|1|0|17982|55|00|1|166539|43210288579701000500550010001665391924456800|12022021|12022021|2189,1|2|0|0|2189,1|9|0|0|0|1376,15|240,82|0|0|0|36,11|166,36|0|0|
|C190|520|5102|17,5|1566,75|1181,8|206,81|0|0|384,95|0||
|C100|1|0||65|00|21|34830|43210288579701000500650210000348301406593187|20022021|20022021|27|2|0|0|27|9|0|0|0|12,22|2,14||||||||
|C190|520|5102|17,5|16,2|12,22|2,14|0|0|3,98|0||
|C100|1|0|10076|55|00|1|167410|43210288579701000500550010001674101276202735|22022021|22022021|364,82|2|0|0|285|9|0|0|79,82|0|0|0|0|0|6,02|27,73|0|0|
|C190|040|5117|0|364,82|0|0|0|0|0|0||
|C100|1|0|10076|55|00|1|167411|43210288579701000500550010001674111213384582|22022021|22022021|364,82|2|0|0|285|9|0|0|79,82|0|0|0|0|0|6,02|27,73|0|0|
|C190|040|5117|0|364,82|0|0|0|0|0|0||
|C100|1|0|10076|55|00|1|167412|43210288579701000500550010001674121106041140|22022021|22022021|364,82|2|0|0|285|9|0|0|79,82|0|0|0|0|0|6,02|27,73|0|0|
|C190|040|5117|0|364,82|0|0|0|0|0|0||
|C100|1|0|10076|55|00|1|167413|43210288579701000500550010001674131834027733|22022021|22022021|364,82|2|0|0|285|9|0|0|79,82|0|0|0|0|0|6,02|27,73|0|0|
|C190|040|5117|0|364,82|0|0|0|0|0|0||
|C100|1|0|8712|55|00|1|167590|43210288579701000500550010001675901032190009|23022021|23022021|5686,45|2|0|0|5686,45|9|0|0|0|4143,29|725,08|0|0|0|93,82|432,17|0|0|
|C190|520|5102|17,5|5492,9|4143,29|725,08|0|0|1349,61|0||
|C100|1|0||65|00|21|35035|43210288579701000500650210000350351335565477|23022021|23022021|16,2|2|0|0|16,2|9|0|0|0|12,22|2,14||||||||
|C190|520|5102|17,5|16,2|12,22|2,14|0|0|3,98|0||
|C100|1|0|15870|55|00|1|167769|43210288579701000500550010001677691860726122|25022021|25022021|619,91|2|0|0|537,41|9|80|0|2,5|286,08|50,07|0|0|0|8,11|37,38|0|0|
|C190|020|5117|17,5|211,44|153,53|26,87|0|0|57,91|0||
|C100|1|0|6193|55|00|1|168128|43210288579701000500550010001681281412100555|27022021|27022021|6200|2|4300|0|10500|9|0|0|0|0|0|0|0|0|102,3|471,2|0|0|
|C190|040|5117|0|6200|0|0|0|0|0|0||
|C100|1|0|6193|55|00|1|168129|43210288579701000500550010001681291735804829|27022021|27022021|6200|2|4300|0|10500|9|0|0|0|0|0|0|0|0|102,3|471,2|0|0|
|C190|040|5117|0|6200|0|0|0|0|0|0||
|C100|0|0|18341|55|00|1|167699|43210288579701000500550010001676991352466901|24022021|24022021|37,52|1|0|0|34,9|9|0|0|2,62|0|0|0|0|0|0,62|2,85|0|0|
