|0000|015|0|01022021|28022021|SCHIRMANN MATERIAIS E SOLUCOES PARA A CONSTRUCAO LTDA|88579701000178||RS|0650024230|4310207|||A|1|
|C100|1|0|34860|55|00|62|163719|43210288579701000178550620001637191623038542|01022021|01022021|9407.4|2|0|0|9407.4|9|0|0|0|309.8|54.22|0|0|0|155.22|714.96|0|0|
|C190|040|5102|0|5930|0|0|0|0|0|0|0|
|C100|1|0|34966|55|00|62|163747|43210288579701000178550620001637471584512328|01022021|01022021|161.65|2|0|0|91.65|9|70|0|0|117.37|20.54|0|0|0|1.05|4.85|0|0|
|C190|020|5102|17.5|161.65|117.37|20.54|0|0|44.28|0|0|
|C100|1|0|34495|55|00|62|163751|43210288579701000178550620001637511826629615|01022021|01022021|1711.17|2|0|0|1649.93|9|61.24|0|0|189.83|33.22|0|0|0|27.93|128.55|0|0|
|C190|020|5102|17.5|32.8|23.82|4.17|0|0|8.98|0|0|
|C190|040|5102|0|715.61|0|0|0|0|0|0|0|
|C100|1|0|35094|55|00|62|163782|43210288579701000178550620001637821743857617|01022021|01022021|2262.51|2|496.94|0|2759.45|9|0|0|0|0|0|0|0|0|37.33|171.96|0|0|
|C190|040|5102|0|1700.23|0|0|0|0|0|0|0|
|C100|1|0|35281|55|00|62|163786|43210288579701000178550620001637861811550932|01022021|01022021|622.91|2|0|0|562.91|9|60|0|0|0|0|0|0|0|10.27|47.34|0|0|
|C190|040|5102|0|138.88|0|0|0|0|0|0|0|
|C100|1|0|34349|55|00|62|163810|43210288579701000178550620001638101519983473|01022021|01022021|39.23|2|0|0|38|9|1.23|0|0|0|0|0|0|0|0.65|2.98|0|0|
|C190|040|5102|0|39.23|0|0|0|0|0|0|0|
|C100|1|0|34088|55|00|62|163811|43210288579701000178550620001638111890378202|01022021|01022021|422.9|2|0|0|422.9|9|0|0|0|253.78|44.41|0|0|0|6.98|32.14|0|0|
|C190|520|5102|17.5|422.9|253.78|44.41|0|0|169.12|0|0|
|C100|1|0|34484|55|00|62|163848|43210288579701000178550620001638481553066272|01022021|01022021|376.29|2|0|0|316.29|9|60|0|0|273.22|47.81|0|0|0|2.45|11.29|0|0|
|C190|020|5102|17.5|376.29|273.22|47.81|0|0|103.07|0|0|
|C100|1|0|35138|55|00|62|163853|43210288579701000178550620001638531960170117|01022021|01022021|2292.6|2|0|0|2212.6|9|80|0|0|683.13|119.55|0|0|0|34.98|161.14|0|0|
|C190|020|5102|17.5|284.89|206.86|36.2|0|0|78.03|0|0|
|C190|040|5102|0|672.47|0|0|0|0|0|0|0|
|C100|1|0||65|00|101|38304|43210288579701000178651010000383041724773119|01022021|01022021|15.35|2|0|0|15.35|9|0|0|0|11.58|2.03|0|0|0|0|0|0|0|
|C190|520|5102|17.5|15.35|11.58|2.03|0|0|3.77|0|0|
|C100|1|0||65|00|101|38324|43210288579701000178651010000383241548057803|01022021|01022021|158.5|2|0|0|158.5|9|0|0|0|0|0|0|0|0|0|0|0|0|
|C190|040|5102|0|42.5|0|0|0|0|0|0|0|
|C100|1|0||65|00|101|38390|43210288579701000178651010000383901030388642|01022021|01022021|63.55|2|0|0|63.55|9|0|0|0|0|0|0|0|0|0|0|0|0|
|C190|040|5102|0|29.75|0|0|0|0|0|0|0|
|C100|1|0|34477|55|00|62|163872|43210288579701000178550620001638721268182214|02022021|02022021|161.65|2|0|0|91.65|9|70|0|0|117.37|20.54|0|0|0|1.05|4.85|0|0|
|C190|020|5102|17.5|161.65|117.37|20.54|0|0|44.28|0|0|
|C100|1|0|35320|55|00|62|163890|43210288579701000178550620001638901427137119|02022021|02022021|103.5|2|0|0|103.5|9|0|0|0|0|0|0|0|0|1.71|7.87|0|0|
|C190|040|5102|0|103.5|0|0|0|0|0|0|0|
|C100|1|0|34898|55|00|62|163891|43210288579701000178550620001638911212372536|02022021|02022021|1082.4|2|0|0|1009.9|9|70|0|2.5|301.07|52.69|0|0|0|17.87|82.26|0|0|
|C190|040|5102|0|455.51|0|0|0|0|0|0|0|
|C100|1|0|34829|55|00|62|163900|43210288579701000178550620001639001381249546|02022021|02022021|876.46|2|0|0|796.46|9|80|0|0|451.9|79.08|0|0|0|13.46|61.98|0|0|
|C190|020|5102|17.5|100.85|73.23|12.81|0|0|27.62|0|0|
|C100|1|0|34484|55|00|62|163901|43210288579701000178550620001639011402400598|02022021|02022021|2430.06|2|0|0|2316.5|9|113.56|0|0|0|0|0|0|0|40.1|184.69|0|0|
|C190|040|5102|0|1809.57|0|0|0|0|0|0|0|
|C100|1|0|35283|55|00|62|163917|43210288579701000178550620001639171899773936|02022021|02022021|2722.74|2|0|0|2601|9|121.74|0|0|0|0|0|0|0|44.93|206.93|0|0|
|C190|040|5102|0|2245.4|0|0|0|0|0|0|0|
|C100|1|0|35302|55|00|62|163925|43210288579701000178550620001639251091239059|02022021|02022021|879.81|2|0|0|798.98|9|73.9|0|6.93|146.56|25.65|0|0|0|12.5|57.59|0|0|
|C190|020|5102|17.5|201.84|146.56|25.65|0|0|55.28|0|0|
|C190|040|5102|0|618.64|0|0|0|0|0|0|0|
|C100|1|0|34784|55|00|62|163933|43210288579701000178550620001639331453358568|02022021|02022021|320.53|2|0|0|253.03|9|65|0|2.5|232.74|40.73|0|0|0|2.08|9.62|0|0|
|C190|020|5102|17.5|320.53|232.74|40.73|0|0|87.79|0|0|
|C100|1|0|34423|55|00|62|163956|43210288579701000178550620001639561907840569|02022021|02022021|999.83|2|0|0|892.33|9|100|0|7.5|460.83|80.65|0|0|0|15.47|71.26|0|0|
|C190|020|5102|17.5|102.69|74.56|13.05|0|0|28.13|0|0|
|C100|1|0|35085|55|00|62|163961|43210288579701000178550620001639611799815066|02022021|02022021|253.3|2|0|0|183.3|9|70|0|0|183.92|32.19|0|0|0|1.65|7.6|0|0|
|C190|020|5102|17.5|253.3|183.92|32.19|0|0|69.38|0|0|
|C100|1|0|34865|55|00|62|163971|43210288579701000178550620001639711934780799|02022021|02022021|2270.6|2|0|0|2150.6|9|120|0|0|696.08|121.82|0|0|0|34.57|159.22|0|0|
|C190|020|5102|17.5|290.29|210.78|36.89|0|0|79.51|0|0|
|C100|1|0|34296|55|00|62|164001|43210288579701000178550620001640011210548444|02022021|02022021|5135.62|2|0|0|4998.5|9|137.12|0|0|358.58|62.76|0|0|0|84.74|390.3|0|0|
|C190|040|5102|0|2671.32|0|0|0|0|0|0|0|
|C100|1|0|34935|55|00|62|164003|43210288579701000178550620001640031927712274|02022021|02022021|386.29|2|0|0|316.29|9|70|0|0|280.49|49.08|0|0|0|2.51|11.59|0|0|
|C190|020|5102|17.5|386.29|280.49|49.08|0|0|105.8|0|0|
|C100|1|0|34296|55|00|62|164004|43210288579701000178550620001640041627558757|02022021|02022021|1152.81|2|0|0|1032.81|9|120|0|0|1012.71|177.22|0|0|0|13.9|64.08|0|0|
|C190|020|5102|17.5|511.49|371.39|64.99|0|0|140.1|0|0|
|C100|1|0|34935|55|00|62|164005|43210288579701000178550620001640051034677029|02022021|02022021|1395|2|0|0|1275|9|120|0|0|0|0|0|0|0|23.02|106.02|0|0|
|C190|040|5102|0|1395|0|0|0|0|0|0|0|
|C100|1|0||65|00|101|38562|43210288579701000178651010000385621033979389|02022021|02022021|38|2|0|0|38|9|0|0|0|0|0|0|0|0|0|0|0|0|
|C190|040|5102|0|38|0|0|0|0|0|0|0|
|C100|1|0|34544|55|00|62|164027|43210288579701000178550620001640271419280568|03022021|03022021|615.1|2|0|0|545.1|9|70|0|0|150.19|26.28|0|0|0|8.08|37.24|0|0|
|C190|020|5102|17.5|206.84|150.19|26.28|0|0|56.65|0|0|
|C100|1|0|34595|55|00|62|164043|43210288579701000178550620001640431347346421|03022021|03022021|4564.38|2|0|0|4482.9|9|81.48|0|0|60.28|10.55|0|0|0|75.3|346.9|0|0|
|C190|040|5102|0|1099.63|0|0|0|0|0|0|0|
|C100|1|0|34887|55|00|62|164045|43210288579701000178550620001640451170729553|03022021|03022021|704.43|2|0|0|604.43|9|100|0|0|395.84|69.27|0|0|0|9.41|43.36|0|0|
|C190|020|5102|17.5|221.16|160.58|28.1|0|0|60.58|0|0|
|C100|1|0|34595|55|00|62|164046|43210288579701000178550620001640461338216741|03022021|03022021|3278.52|2|0|0|3220|9|58.52|0|0|0|0|0|0|0|54.1|249.17|0|0|
|C190|040|5102|0|3278.52|0|0|0|0|0|0|0|
|C100|1|0|34830|55|00|62|164052|43210288579701000178550620001640521197801837|03022021|03022021|253.03|2|0|0|253.03|9|0|0|0|183.73|32.15|0|0|0|1.64|7.59|0|0|
|C190|020|5102|17.5|253.03|183.73|32.15|0|0|69.3|0|0|
|C100|1|0|35356|55|00|62|164092|43210288579701000178550620001640921945173410|03022021|03022021|733.95|2|0|0|698.81|9|35.14|0|0|120.69|21.12|0|0|0|12.1|55.77|0|0|
|C190|040|5102|0|71.42|0|0|0|0|0|0|0|
|C100|1|0|34434|55|00|62|164107|43210288579701000178550620001641071809745193|03022021|03022021|779.03|2|0|0|709.03|9|70|0|0|201.86|35.33|0|0|0|10.08|46.42|0|0|
|C190|020|5102|17.5|278.01|201.86|35.33|0|0|76.15|0|0|
|C100|1|0|35267|55|00|62|164139|43210288579701000178550620001641391611649147|03022021|03022021|1886.74|2|0|0|1739.24|9|140|0|7.5|373.98|65.45|0|0|0|31.13|143.38|0|0|
|C190|040|5102|0|387.27|0|0|0|0|0|0|0|
|C100|1|0||65|00|101|38719|43210288579701000178651010000387191591149350|03022021|03022021|190|2|0|0|190|9|0|0|0|0|0|0|0|0|0|0|0|0|
|C190|040|5102|0|190|0|0|0|0|0|0|0|
|C100|1|0|35359|55|00|62|164149|43210288579701000178550620001641491730881821|04022021|04022021|577.68|2|0|0|477.68|9|100|0|0|219.45|38.4|0|0|0|8.43|38.8|0|0|
|C190|020|5102|17.5|110.84|80.48|14.08|0|0|30.36|0|0|
|C190|040|5102|0|123.35|0|0|0|0|0|0|0|
|C100|1|0|34491|55|00|62|164172|43210288579701000178550620001641721178911060|04022021|04022021|2485.15|2|0|0|2363.56|9|119.45|0|2.14|381.58|66.78|0|0|0|39.08|180.01|0|0|
|C190|020|5102|17.5|192.73|139.94|24.49|0|0|52.79|0|0|
|C190|040|5102|0|725.49|0|0|0|0|0|0|0|
|C100|1|0|18251|55|00|62|164175|43210288579701000178550620001641751271462840|04022021|04022021|139.9|2|0|0|139.9|9|0|0|0|105.53|18.47|0|0|0|2.31|10.63|0|0|
|C190|520|5102|17.5|139.9|105.53|18.47|0|0|34.37|0|0|
|C100|1|0|34828|55|00|62|164177|43210288579701000178550620001641771106172615|04022021|04022021|2385.65|2|0|0|2165.65|9|220|0|0|453.07|79.29|0|0|0|38.37|176.68|0|0|
|C190|020|5102|17.5|100.96|73.31|12.83|0|0|27.65|0|0|
|C190|040|5102|0|374.54|0|0|0|0|0|0|0|
|C100|1|0|34423|55|00|62|164207|43210288579701000178550620001642071186659576|04022021|04022021|422.5|2|0|0|340|9|80|0|2.5|0|0|0|0|0|6.97|32.11|0|0|
|C190|040|5102|0|422.5|0|0|0|0|0|0|0|
|C100|1|0|35220|55|00|62|164212|43210288579701000178550620001642121845830737|04022021|04022021|17034.67|2|0|0|16361.52|9|673.15|0|0|1540.47|269.58|0|0|0|281.08|1294.63|0|0|
|C190|040|5117|0|5918.89|0|0|0|0|0|0|0|
|C100|1|0|34382|55|00|62|164221|43210288579701000178550620001642211866980400|04022021|04022021|239.97|2|0|0|189.45|9|50.52|0|0|145.55|25.47|0|0|0|3.95|18.23|0|0|
|C190|040|5102|0|60.3|0|0|0|0|0|0|0|
|C100|1|0|34309|55|00|62|164229|43210288579701000178550620001642291182673474|04022021|04022021|730.29|2|0|0|655.29|9|70|0|5|202.23|35.39|0|0|0|11.03|50.78|0|0|
|C190|020|5102|17.5|102.14|74.16|12.98|0|0|27.98|0|0|
|C190|040|5102|0|310.94|0|0|0|0|0|0|0|
|C100|1|0|34563|55|00|62|164231|43210288579701000178550620001642311371073049|04022021|04022021|341.05|2|14.75|0|355.8|9|0|0|0|0|0|0|0|0|5.62|25.92|0|0|
|C190|040|5102|0|280.25|0|0|0|0|0|0|0|
|C100|1|0|34472|55|00|62|164241|43210288579701000178550620001642411015090970|04022021|04022021|321.47|2|0|0|321.47|9|0|0|0|296.37|51.87|0|0|0|4.39|20.22|0|0|
|C190|020|5102|17.5|91.65|66.55|11.65|0|0|25.1|0|0|
|C100|1|0|34332|55|00|62|164285|43210288579701000178550620001642851807021602|05022021|05022021|1400.7|2|0|0|1400.7|9|0|0|0|0|0|0|0|0|23.11|106.46|0|0|
|C190|040|5102|0|295|0|0|0|0|0|0|0|
|C100|1|0|34398|55|00|62|164296|43210288579701000178550620001642961522532084|05022021|05022021|366.47|2|0|0|321.47|9|40|0|5|337.85|59.13|0|0|0|5|23.04|0|0|
|C190|020|5102|17.5|104.48|75.86|13.28|0|0|28.62|0|0|
|C100|1|0|17432|55|00|62|164297|43210288579701000178550620001642971510031279|05022021|05022021|532.3|2|0|0|487.3|9|40|0|5|145.39|25.44|0|0|0|6.78|31.25|0|0|
|C190|020|5102|17.5|200.23|145.39|25.44|0|0|54.84|0|0|
|C100|1|0|35078|55|00|62|164303|43210288579701000178550620001643031498876668|05022021|05022021|569.01|2|0|0|501.39|9|67.62|0|0|83.33|14.58|0|0|0|9.02|41.59|0|0|
|C190|020|5102|17.5|35.89|26.06|4.56|0|0|9.83|0|0|
|C100|1|0|34753|55|00|62|164309|43210288579701000178550620001643091319506643|05022021|05022021|334.71|2|0|0|279.71|9|55|0|0|87.86|15.38|0|0|0|5.15|23.7|0|0|
|C190|020|5102|17.5|37.85|27.48|4.81|0|0|10.37|0|0|
|C100|1|0|34962|55|00|62|164380|43210288579701000178550620001643801062863703|05022021|05022021|2829.75|2|0|0|2829.75|9|0|0|0|163.71|28.65|0|0|0|46.71|215.04|0|0|
|C190|040|5117|0|850|0|0|0|0|0|0|0|
|C100|1|0|34449|55|00|62|164396|43210288579701000178550620001643961975369857|05022021|05022021|6415.7|2|0|0|6235.7|9|180|0|0|0|0|0|0|0|105.86|487.59|0|0|
|C190|040|5102|0|1749.07|0|0|0|0|0|0|0|
|C100|1|0|35362|55|00|62|164397|43210288579701000178550620001643971487078613|05022021|05022021|309.36|2|0|0|229.36|9|80|0|0|244.75|42.83|0|0|0|3.87|17.83|0|0|
|C190|020|5102|17.5|123.62|89.76|15.71|0|0|33.86|0|0|
|C100|1|0|34581|55|00|62|164419|43210288579701000178550620001644191418739109|06022021|06022021|568|2|0|0|500.44|9|67.56|0|0|203.26|35.57|0|0|0|8.66|39.84|0|0|
|C190|020|5102|17.5|71.8|52.13|9.12|0|0|19.67|0|0|
|C190|040|5102|0|125.42|0|0|0|0|0|0|0|
|C100|1|0|34874|55|00|62|164431|43210288579701000178550620001644311027037283|06022021|06022021|1354.42|2|0|0|1209.42|9|140|0|5|203.21|35.56|0|0|0|21.32|98.22|0|0|
|C190|020|5102|17.5|102.63|74.52|13.04|0|0|28.11|0|0|
|C190|040|5102|0|456.92|0|0|0|0|0|0|0|
|C100|1|0|34535|55|00|62|164450|43210288579701000178550620001644501184494024|08022021|08022021|2372.77|2|0|0|2292.8|9|79.97|0|0|544.55|95.29|0|0|0|38.22|175.98|0|0|
|C190|020|5117|17.5|94.85|68.87|12.05|0|0|25.98|0|0|
|C190|040|5117|0|351.86|0|0|0|0|0|0|0|
|C100|1|0|34993|55|00|62|164454|43210288579701000178550620001644541286279687|08022021|08022021|2944.95|2|0|0|2804.95|9|140|0|0|19.69|3.45|0|0|0|48.58|223.81|0|0|
|C190|040|5102|0|2173.32|0|0|0|0|0|0|0|
|C100|1|0|34732|55|00|62|164455|43210288579701000178550620001644551047996920|08022021|08022021|604.95|2|0|0|558.82|9|46.13|0|0|248.79|43.54|0|0|0|9.99|45.98|0|0|
|C190|040|5102|0|191.61|0|0|0|0|0|0|0|
|C100|1|0|35368|55|00|62|164475|43210288579701000178550620001644751449841435|08022021|08022021|1822.4|2|0|0|1682.4|9|140|0|0|384.51|67.29|0|0|0|29.39|135.35|0|0|
|C190|020|5102|17.5|68.52|49.75|8.71|0|0|18.77|0|0|
|C190|040|5102|0|575.19|0|0|0|0|0|0|0|
|C100|1|0|34737|55|00|62|164487|43210288579701000178550620001644871732488253|08022021|08022021|4461|2|0|0|4461|9|0|0|0|0|0|0|0|0|73.61|339.04|0|0|
|C190|040|5102|0|840|0|0|0|0|0|0|0|
|C100|1|0|34624|55|00|62|164533|43210288579701000178550620001645331726791190|08022021|08022021|2310.97|2|0|0|2125.97|9|180|0|5|763.05|133.54|0|0|0|38.14|175.63|0|0|
|C190|040|5102|0|887.01|0|0|0|0|0|0|0|
|C100|1|0|35249|55|00|62|164535|43210288579701000178550620001645351923731941|08022021|08022021|2013|2|15|0|1928|9|100|0|0|0|0|0|0|0|33.22|152.99|0|0|
|C190|040|5102|0|429.33|0|0|0|0|0|0|0|
|C100|1|0|34374|55|00|62|164588|43210288579701000178550620001645881395284332|08022021|08022021|88.5|2|0|0|88.5|9|0|0|0|0|0|0|0|0|1.46|6.73|0|0|
|C190|040|5102|0|88.5|0|0|0|0|0|0|0|
|C100|1|0|35138|55|00|62|164645|43210288579701000178550620001646451740358836|09022021|09022021|754.91|2|0|0|676.84|9|78.07|0|0|0|0|0|0|0|12.46|57.37|0|0|
|C190|040|5102|0|658.06|0|0|0|0|0|0|0|
|C100|1|0|34423|55|00|62|164647|43210288579701000178550620001646471735935167|09022021|09022021|693.1|2|0|0|608.1|9|80|0|5|0|0|0|0|0|11.43|52.67|0|0|
|C190|040|5102|0|465.03|0|0|0|0|0|0|0|
|C100|1|0|35325|55|00|62|164649|43210288579701000178550620001646491651377494|09022021|09022021|203.94|2|0|0|201.44|9|0|0|2.5|0|0|0|0|0|3.36|15.5|0|0|
|C190|040|5102|0|174.64|0|0|0|0|0|0|0|
|C100|1|0|34261|55|00|62|164673|43210288579701000178550620001646731257781503|09022021|09022021|423.81|2|0|0|412.9|9|10.91|0|0|186.25|32.59|0|0|0|6.06|27.87|0|0|
|C190|020|5102|17.5|94.07|68.3|11.95|0|0|25.77|0|0|
|C100|1|0|35219|55|00|62|164677|43210288579701000178550620001646771102486841|09022021|09022021|376.29|2|0|0|316.29|9|60|0|0|273.22|47.81|0|0|0|2.45|11.29|0|0|
|C190|020|5102|17.5|376.29|273.22|47.81|0|0|103.07|0|0|
|C100|1|0|18131|55|00|62|164682|43210288579701000178550620001646821618785494|09022021|09022021|587.8|2|0|0|527.8|9|60|0|0|19.82|3.47|0|0|0|9.7|44.68|0|0|
|C190|040|5102|0|567.98|0|0|0|0|0|0|0|
|C100|1|0|34791|55|00|62|164706|43210288579701000178550620001647061963517397|09022021|09022021|4792.5|2|0|0|4652.5|9|140|0|0|29.77|5.21|0|0|0|79.08|364.23|0|0|
|C190|040|5102|0|4377.89|0|0|0|0|0|0|0|
|C100|1|0|34484|55|00|62|164712|43210288579701000178550620001647121231069970|09022021|09022021|436.6|2|0|0|366.6|9|70|0|0|317.02|55.48|0|0|0|2.84|13.1|0|0|
|C190|020|5102|17.5|436.6|317.02|55.48|0|0|119.58|0|0|
|C100|1|0|34490|55|00|62|164740|43210288579701000178550620001647401263355280|09022021|09022021|2842.04|2|0|0|2702.04|9|140|0|0|0|0|0|0|0|46.89|216|0|0|
|C190|040|5102|0|2540.13|0|0|0|0|0|0|0|
|C100|1|0|35194|55|00|62|164768|43210288579701000178550620001647681755246150|09022021|09022021|2119.62|2|0|0|1959.62|9|160|0|0|279.84|48.97|0|0|0|34.98|161.09|0|0|
|C190|040|5102|0|1119.51|0|0|0|0|0|0|0|
|C100|1|0|17778|55|00|62|164799|43210288579701000178550620001647991747304380|10022021|10022021|463.49|2|16.11|0|479.6|9|0|0|0|251.48|44.01|0|0|0|0|0|0|0|
|C190|020|5102|17.5|262.2|197.78|34.61|0|0|64.42|0|0|
|C100|1|0|34380|55|00|62|164810|43210288579701000178550620001648101880912874|10022021|10022021|206.56|2|0|0|206.56|9|0|0|0|181.46|31.76|0|0|0|2.5|11.48|0|0|
|C190|020|5102|17.5|91.65|66.55|11.65|0|0|25.1|0|0|
|C100|1|0|34569|55|00|62|164811|43210288579701000178550620001648111738239984|10022021|10022021|1074.74|2|0|0|994.74|9|80|0|0|372.47|65.18|0|0|0|17.74|81.68|0|0|
|C190|040|5102|0|702.27|0|0|0|0|0|0|0|
|C100|1|0|34581|55|00|62|164812|43210288579701000178550620001648121287386012|10022021|10022021|245.48|2|0|0|203.42|9|42.06|0|0|116.32|20.36|0|0|0|3.29|15.15|0|0|
|C190|020|5102|17.5|76.34|55.43|9.7|0|0|20.91|0|0|
|C100|1|0|17432|55|00|62|164818|43210288579701000178550620001648181846084962|10022021|10022021|408.66|2|0|0|326.16|9|80|0|2.5|227.35|39.78|0|0|0|5.6|25.77|0|0|
|C190|020|5102|17.5|114.83|83.38|14.59|0|0|31.45|0|0|
|C100|1|0|20498|55|00|62|164834|43210288579701000178550620001648341263503326|10022021|10022021|350.88|2|0|0|350.88|9|0|0|0|81.57|14.27|0|0|0|5.79|26.67|0|0|
|C190|020|5102|17.5|254.9|81.57|14.27|0|0|173.33|0|0|
|C100|1|0|34898|55|00|62|164851|43210288579701000178550620001648511139185700|10022021|10022021|952.5|2|0|0|850|9|100|0|2.5|0|0|0|0|0|15.72|72.39|0|0|
|C190|040|5102|0|952.5|0|0|0|0|0|0|0|
|C100|1|0|34025|55|00|62|164878|43210288579701000178550620001648781411666052|10022021|10022021|743.56|2|0|0|643.56|9|100|0|0|209.66|36.69|0|0|0|11.21|51.64|0|0|
|C190|020|5102|17.5|105.89|76.89|13.46|0|0|29|0|0|
|C190|040|5102|0|159.44|0|0|0|0|0|0|0|
|C100|1|0|35116|55|00|62|164884|43210288579701000178550620001648841954429857|10022021|10022021|432.26|2|0|0|362.26|9|70|0|0|54.81|9.59|0|0|0|6.38|29.38|0|0|
|C190|020|5102|17.5|75.48|54.81|9.59|0|0|20.67|0|0|
|C100|1|0|34261|55|00|62|164890|43210288579701000178550620001648901545612466|10022021|10022021|372.8|2|0|0|372.8|9|0|0|0|308.73|54.03|0|0|0|6.15|28.34|0|0|
|C190|020|5102|17.5|233.9|169.83|29.72|0|0|64.07|0|0|
|C100|1|0|35196|55|00|62|164916|43210288579701000178550620001649161482361508|10022021|10022021|1006.44|2|0|0|1006.44|9|0|0|0|477.83|83.62|0|0|0|14.77|68.06|0|0|
|C190|020|5102|17.5|183.3|133.09|23.29|0|0|50.21|0|0|
|C100|1|0|34227|55|00|62|164938|43210288579701000178550620001649381797942679|10022021|10022021|7117|2|0|0|7117|9|0|0|0|5144.42|900.27|0|0|0|117.43|540.89|0|0|
|C190|020|5102|17.5|7085|5144.42|900.27|0|0|1940.58|0|0|
|C100|1|0|34670|55|00|62|164951|43210288579701000178550620001649511460644468|10022021|10022021|1006.68|2|0|0|926.68|9|80|0|0|319.09|55.84|0|0|0|15.23|70.19|0|0|
|C190|020|5102|17.5|137.44|99.8|17.46|0|0|37.64|0|0|
|C100|1|0|34593|55|00|62|164954|43210288579701000178550620001649541940979210|10022021|10022021|762.71|2|0|0|675.59|9|87.12|0|0|464.32|81.26|0|0|0|11.55|53.2|0|0|
|C190|020|5102|17.5|103.47|75.13|13.15|0|0|28.34|0|0|
|C100|1|0|34484|55|00|62|164996|43210288579701000178550620001649961909564283|11022021|11022021|68|2|0|0|68|9|0|0|0|0|0|0|0|0|1.12|5.17|0|0|
|C190|040|5102|0|68|0|0|0|0|0|0|0|
|C100|1|0|34599|55|00|62|165000|43210288579701000178550620001650001154003864|11022021|11022021|3103.4|2|11.37|0|3037.82|9|76.95|0|0|447.36|78.29|0|0|0|50.27|231.53|0|0|
|C190|020|5102|17.5|93.98|68.24|11.94|0|0|25.74|0|0|
|C100|1|0|35094|55|00|62|165003|43210288579701000178550620001650031469779364|11022021|11022021|2892.96|2|635.04|0|3528|9|0|0|0|0|0|0|0|0|47.73|219.86|0|0|
|C190|040|5102|0|2892.96|0|0|0|0|0|0|0|
|C100|1|0|34351|55|00|62|165043|43210288579701000178550620001650431350459449|11022021|11022021|795|2|0|0|715|9|80|0|0|0|0|0|0|0|13.12|60.42|0|0|
|C190|040|5102|0|795|0|0|0|0|0|0|0|
|C100|1|0|35271|55|00|62|165044|43210288579701000178550620001650441260720790|11022021|11022021|4065.4|2|13.07|0|3977.51|9|100.96|0|0|804.91|140.86|0|0|0|66.14|304.64|0|0|
|C190|020|5102|17.5|93.98|68.24|11.94|0|0|25.74|0|0|
|C190|040|5102|0|1383.19|0|0|0|0|0|0|0|
|C100|1|0|34840|55|00|62|165045|43210288579701000178550620001650451149866908|11022021|11022021|388|2|0|0|318|9|70|0|0|162.39|28.42|0|0|0|4.16|19.2|0|0|
|C190|020|5102|17.5|223.65|162.39|28.42|0|0|61.26|0|0|
|C100|1|0|34439|55|00|62|165065|43210288579701000178550620001650651089953888|11022021|11022021|293.45|2|4.32|0|297.77|9|0|0|0|156.52|27.39|0|0|0|4.2|19.39|0|0|
|C190|020|5102|17.5|63.26|45.93|8.04|0|0|17.33|0|0|
|C100|1|0|34420|55|00|62|165066|43210288579701000178550620001650661601254006|11022021|11022021|1743.8|2|0|0|1673.8|9|70|0|0|69.33|12.13|0|0|0|27.82|128.14|0|0|
|C190|020|5102|17.5|95.48|69.33|12.13|0|0|26.15|0|0|
|C100|1|0|34403|55|00|62|165073|43210288579701000178550620001650731649766885|11022021|11022021|1384.81|2|0|0|1305.69|9|78.13|0|0.99|577.37|101.04|0|0|0|19.94|91.83|0|0|
|C190|020|5102|17.5|291.61|211.74|37.05|0|0|79.87|0|0|
|C100|1|0|35201|55|00|62|165074|43210288579701000178550620001650741795290145|11022021|11022021|102|2|0|0|102|9|0|0|0|0|0|0|0|0|1.68|7.75|0|0|
|C190|040|5102|0|102|0|0|0|0|0|0|0|
|C100|1|0|35268|55|00|62|165082|43210288579701000178550620001650821391148900|11022021|11022021|1988.58|2|0|0|1927.72|9|56.81|0|4.05|150.97|26.42|0|0|0|32.83|151.14|0|0|
|C190|040|5102|0|1534.47|0|0|0|0|0|0|0|
|C100|1|0|35116|55|00|62|165102|43210288579701000178550620001651021001415481|12022021|12022021|398.29|2|0|0|328.29|9|70|0|0|178.18|31.18|0|0|0|5.81|26.74|0|0|
|C190|020|5102|17.5|76.75|55.73|9.75|0|0|21.02|0|0|
|C100|1|0|31388|55|00|62|165108|43210288579701000178550620001651081017804583|12022021|12022021|5989.95|2|0|0|5989.95|9|0|0|0|126|22.05|0|0|0|98.82|455.24|0|0|
|C190|040|5102|0|2531|0|0|0|0|0|0|0|
|C100|1|0|34025|55|00|62|165121|43210288579701000178550620001651211351622023|12022021|12022021|161.65|2|0|0|91.65|9|70|0|0|117.37|20.54|0|0|0|1.05|4.85|0|0|
|C190|020|5102|17.5|161.65|117.37|20.54|0|0|44.28|0|0|
|C100|1|0|34679|55|00|62|165141|43210288579701000178550620001651411589960887|12022021|12022021|2700|2|0|0|2559.32|9|140.68|0|0|363.69|63.65|0|0|0|44.55|205.2|0|0|
|C190|040|5102|0|1482.23|0|0|0|0|0|0|0|
|C100|1|0|34923|55|00|62|165169|43210288579701000178550620001651691569167805|12022021|12022021|91.65|2|0|0|91.65|9|0|0|0|66.55|11.65|0|0|0|0.6|2.75|0|0|
|C190|020|5102|17.5|91.65|66.55|11.65|0|0|25.1|0|0|
|C100|1|0|34180|55|00|62|165177|43210288579701000178550620001651771818924657|12022021|12022021|357.52|2|0|0|354|9|0|0|3.52|0|0|0|0|0|5.9|27.17|0|0|
|C190|040|5102|0|357.52|0|0|0|0|0|0|0|
|C100|1|0|35081|55|00|62|165223|43210288579701000178550620001652231058567545|12022021|12022021|2090.85|2|0|0|2003.54|9|85.17|0|2.14|0|0|0|0|0|34.5|158.9|0|0|
|C190|040|5102|0|1085.32|0|0|0|0|0|0|0|
|C100|1|0|17693|55|00|62|165277|43210288579701000178550620001652771175512799|13022021|13022021|1814.73|2|81.88|0|1779.99|9|116.61|0|0|329.1|57.59|0|0|0|28.99|133.49|0|0|
|C190|020|5102|17.5|95.99|69.7|12.2|0|0|26.29|0|0|
|C190|040|5102|0|363.35|0|0|0|0|0|0|0|
|C100|1|0||65|00|101|40003|43210288579701000178651010000400031755113300|13022021|13022021|340|2|0|0|340|9|0|0|0|0|0|0|0|0|0|0|0|0|
|C190|040|5102|0|340|0|0|0|0|0|0|0|
|C100|1|0|34322|55|00|62|165329|43210288579701000178550620001653291905751592|15022021|15022021|2540|2|0.21|0|2440.21|9|100|0|0|294.41|51.52|0|0|0|41.92|193.04|0|0|
|C190|040|5102|0|1327.26|0|0|0|0|0|0|0|
|C100|1|0|34476|55|00|62|165359|43210288579701000178550620001653591858099315|15022021|15022021|1242.71|2|0|0|1032.86|9|140|0|69.85|60.71|10.62|0|0|0|20.51|94.44|0|0|
|C190|040|5102|0|535.18|0|0|0|0|0|0|0|
|C100|1|0|35203|55|00|62|165389|43210288579701000178550620001653891095799311|15022021|15022021|1541.96|2|0|0|1463.51|9|78.45|0|0|236.88|41.46|0|0|0|25.11|115.64|0|0|
|C190|020|5102|17.5|33.33|24.2|4.24|0|0|9.13|0|0|
|C100|1|0|34672|55|00|62|165391|43210288579701000178550620001653911173674397|15022021|15022021|583.93|2|0|0|541.96|9|41.97|0|0|195.51|34.22|0|0|0|8.65|39.83|0|0|
|C190|020|5102|17.5|98.75|71.7|12.55|0|0|27.05|0|0|
|C100|1|0|20833|55|00|62|165405|43210288579701000178550620001654051587691994|15022021|15022021|712.46|2|0|0|632.46|9|80|0|0|286.41|50.12|0|0|0|9.7|44.65|0|0|
|C190|020|5102|17.5|206.49|149.93|26.24|0|0|56.56|0|0|
|C190|040|5102|0|155.46|0|0|0|0|0|0|0|
|C100|1|0|34759|55|00|62|165408|43210288579701000178550620001654081558618038|15022021|15022021|1074.99|2|0|0|994.99|9|80|0|0|379.21|66.36|0|0|0|17.74|81.7|0|0|
|C190|040|5102|0|372.74|0|0|0|0|0|0|0|
|C100|1|0|29039|55|00|62|165420|43210288579701000178550620001654201280624370|15022021|15022021|929.47|2|0|0|849.47|9|80|0|0|324.27|56.75|0|0|0|14.33|66.03|0|0|
|C190|020|5102|17.5|100.28|72.81|12.74|0|0|27.47|0|0|
|C100|1|0|30888|55|00|62|165426|43210288579701000178550620001654261844005890|15022021|15022021|3265.8|2|0|0|3265.8|9|0|0|0|15.3|2.68|0|0|0|53.88|248.2|0|0|
|C190|040|5102|0|1360|0|0|0|0|0|0|0|
|C100|1|0|35379|55|00|62|165450|43210288579701000178550620001654501181897890|17022021|17022021|2389.2|2|0|0|2309.2|9|80|0|0|0|0|0|0|0|39.42|181.58|0|0|
|C190|040|5102|0|2141.71|0|0|0|0|0|0|0|
|C100|1|0|35201|55|00|62|165461|43210288579701000178550620001654611620164322|17022021|17022021|546.75|2|0|0|546.75|9|0|0|0|6.25|1.09|0|0|0|9.02|41.56|0|0|
|C190|040|5102|0|540.5|0|0|0|0|0|0|0|
|C100|1|0|35085|55|00|62|165466|43210288579701000178550620001654661688137360|17022021|17022021|2718.01|2|0|0|2587.5|9|130.51|0|0|0|0|0|0|0|44.84|206.57|0|0|
|C190|040|5102|0|2718.01|0|0|0|0|0|0|0|
|C100|1|0|34449|55|00|62|165501|43210288579701000178550620001655011473972770|17022021|17022021|887.25|2|0|0|764.75|9|120|0|2.5|159.87|27.98|0|0|0|12.44|57.31|0|0|
|C190|020|5102|17.5|220.17|159.87|27.98|0|0|60.3|0|0|
|C100|1|0|34484|55|00|62|165513|43210288579701000178550620001655131282222076|17022021|17022021|249.77|2|0|0|189.77|9|60|0|0|181.36|31.74|0|0|0|1.62|7.49|0|0|
|C190|020|5102|17.5|249.77|181.36|31.74|0|0|68.41|0|0|
|C100|1|0|19510|55|00|62|165514|43210288579701000178550620001655141011368780|17022021|17022021|280.03|2|12.55|0|242.58|9|50|0|0|0|0|0|0|0|4.62|21.28|0|0|
|C190|040|5102|0|57.95|0|0|0|0|0|0|0|
|C100|1|0|34599|55|00|62|165571|43210288579701000178550620001655711102304153|17022021|17022021|212.5|2|0|0|212.5|9|0|0|0|0|0|0|0|0|3.51|16.15|0|0|
|C190|040|5102|0|212.5|0|0|0|0|0|0|0|
|C100|1|0|34599|55|00|62|165572|43210288579701000178550620001655721695898187|17022021|17022021|344.5|2|0|0|344.5|9|0|0|0|0|0|0|0|0|5.69|26.18|0|0|
|C190|040|5102|0|212.5|0|0|0|0|0|0|0|
|C100|1|0|35094|55|00|62|165579|43210288579701000178550620001655791519697485|17022021|17022021|504.79|2|63.12|0|567.91|9|0|0|0|490.93|85.91|0|0|0|7.82|36.04|0|0|
|C190|020|5102|17.5|50.61|36.75|6.43|0|0|13.86|0|0|
|C100|1|0|35346|55|00|62|165583|43210288579701000178550620001655831140966312|17022021|17022021|980.92|2|0|0|898.69|9|82.23|0|0|376.28|65.85|0|0|0|16.18|74.55|0|0|
|C190|040|5102|0|167.76|0|0|0|0|0|0|0|
|C100|1|0|35094|55|00|62|165586|43210288579701000178550620001655861577300295|17022021|17022021|313.73|2|48.53|0|362.26|9|0|0|0|36.75|6.43|0|0|0|4.67|21.52|0|0|
|C190|020|5102|17.5|50.61|36.75|6.43|0|0|13.86|0|0|
|C100|1|0|34674|55|00|62|165588|43210288579701000178550620001655881989716612|17022021|17022021|640.67|2|0|0|560.67|9|80|0|0|338.65|59.27|0|0|0|9.52|43.87|0|0|
|C190|020|5102|17.5|104.73|76.04|13.31|0|0|28.69|0|0|
|C100|1|0|35282|55|00|62|165591|43210288579701000178550620001655911727637249|17022021|17022021|261.01|2|0|0|213.19|9|47.82|0|0|89.89|15.73|0|0|0|3.92|18.06|0|0|
|C190|020|5102|17.5|38.72|28.11|4.92|0|0|10.61|0|0|
|C190|040|5102|0|50.69|0|0|0|0|0|0|0|
|C100|1|0|33790|55|00|62|165606|43210288579701000178550620001656061307452739|17022021|17022021|2682.89|2|15.29|0|2698.18|9|0|0|0|84.72|14.83|0|0|0|43.97|202.44|0|0|
|C190|020|5102|17.5|31.63|22.97|4.02|0|0|8.66|0|0|
|C100|1|0|35102|55|00|62|165620|43210288579701000178550620001656201106369574|17022021|17022021|697.25|2|0|0|617.25|9|80|0|0|134.92|23.62|0|0|0|10.47|48.23|0|0|
|C190|020|5102|17.5|103.53|75.17|13.16|0|0|28.36|0|0|
|C100|1|0|35425|55|00|62|165653|43210288579701000178550620001656531390060945|17022021|17022021|2324.27|2|0|0|2196.72|9|127.55|0|0|243.16|42.55|0|0|0|38.35|176.65|0|0|
|C190|040|5102|0|179.87|0|0|0|0|0|0|0|
|C100|1|0|34364|55|00|62|165665|43210288579701000178550620001656651463184135|18022021|18022021|211.9|2|0|0|209.4|9|0|0|2.5|0|0|0|0|0|3.5|16.1|0|0|
|C190|040|5102|0|34.91|0|0|0|0|0|0|0|
|C100|1|0|29004|55|00|62|165671|43210288579701000178550620001656711307758313|18022021|18022021|1420|2|0|0|1300|9|120|0|0|0|0|0|0|0|23.43|107.92|0|0|
|C190|040|5102|0|1420|0|0|0|0|0|0|0|
|C100|1|0|34986|55|00|62|165699|43210288579701000178550620001656991031205588|18022021|18022021|1268|2|0|0|1188|9|80|0|0|0|0|0|0|0|20.92|96.37|0|0|
|C190|040|5102|0|629.73|0|0|0|0|0|0|0|
|C100|1|0|17483|55|00|62|165712|43210288579701000178550620001657121793635957|18022021|18022021|206.56|2|0|0|206.56|9|0|0|0|181.46|31.76|0|0|0|2.5|11.48|0|0|
|C190|020|5117|17.5|91.65|66.55|11.65|0|0|25.1|0|0|
|C100|1|0|17483|55|00|62|165713|43210288579701000178550620001657131484088304|18022021|18022021|900|2|0|0|900|9|0|0|0|0|0|0|0|0|14.85|68.4|0|0|
|C190|040|5117|0|900|0|0|0|0|0|0|0|
|C100|1|0|29306|55|00|62|165715|43210288579701000178550620001657151330194745|18022021|18022021|727.17|2|4.25|0|661.42|9|70|0|0|328.24|57.44|0|0|0|11.3|52.05|0|0|
|C190|020|5102|17.5|70|50.83|8.89|0|0|19.17|0|0|
|C100|1|0|33571|55|00|62|165723|43210288579701000178550620001657231053738713|18022021|18022021|6248|2|0|0|6248|9|0|0|0|4803.29|840.58|0|0|0|103.09|474.85|0|0|
|C190|520|5102|17.5|5492.9|4143.29|725.08|0|0|1349.61|0|0|
|C100|1|0|34404|55|00|62|165730|43210288579701000178550620001657301691968157|18022021|18022021|452.35|2|0|0|452.35|9|0|0|0|0|0|0|0|0|7.46|34.38|0|0|
|C190|040|5102|0|249.85|0|0|0|0|0|0|0|
|C100|1|0|34404|55|00|62|165732|43210288579701000178550620001657321294221599|18022021|18022021|249.85|2|0|0|249.85|9|0|0|0|0|0|0|0|0|4.12|18.99|0|0|
|C190|040|5102|0|249.85|0|0|0|0|0|0|0|
|C100|1|0|35374|55|00|62|165791|43210288579701000178550620001657911635621797|18022021|18022021|2946.83|2|0|0|2806.83|9|140|0|0|812.82|142.24|0|0|0|45.74|210.68|0|0|
|C190|020|5102|17.5|288.66|209.6|36.68|0|0|79.06|0|0|
|C190|040|5102|0|1338.59|0|0|0|0|0|0|0|
|C100|1|0|19274|55|00|62|165794|43210288579701000178550620001657941249766312|18022021|18022021|2160|2|0|0|2040|9|120|0|0|0|0|0|0|0|35.64|164.16|0|0|
|C190|040|5102|0|2160|0|0|0|0|0|0|0|
|C100|1|0|32141|55|00|62|165795|43210288579701000178550620001657951363023908|18022021|18022021|622.62|2|0|0|542.62|9|80|0|0|263.7|46.15|0|0|0|10.27|47.32|0|0|
|C190|040|5102|0|118.76|0|0|0|0|0|0|0|
|C100|1|0|35394|55|00|62|165802|43210288579701000178550620001658021645092180|18022021|18022021|940.94|2|0|0|820.94|9|120|0|0|841.65|147.28|0|0|0|11.9|54.84|0|0|
|C190|020|5102|17.5|362.52|263.23|46.06|0|0|99.29|0|0|
|C100|1|0|35394|55|00|62|165803|43210288579701000178550620001658031772470971|18022021|18022021|3596.4|2|0|0|3596.4|9|0|0|0|0|0|0|0|0|59.34|273.33|0|0|
|C190|040|5102|0|1725|0|0|0|0|0|0|0|
|C100|1|0|34980|55|00|62|165815|43210288579701000178550620001658151164313234|18022021|18022021|4018.6|2|0|0|3786.57|9|232.03|0|0|642.34|112.41|0|0|0|64.36|296.46|0|0|
|C190|020|5117|17.5|194.53|141.25|24.72|0|0|53.28|0|0|
|C190|040|5117|0|2196.85|0|0|0|0|0|0|0|
|C100|1|0|34980|55|00|62|165816|43210288579701000178550620001658161452832722|18022021|18022021|137.97|2|0|0|130|9|7.97|0|0|100.18|17.53|0|0|0|0.9|4.14|0|0|
|C190|020|5117|17.5|137.97|100.18|17.53|0|0|37.79|0|0|
|C100|1|0|34986|55|00|62|165821|43210288579701000178550620001658211821808886|18022021|18022021|471.17|2|0|0|413|9|58.17|0|0|0|0|0|0|0|7.77|35.81|0|0|
|C190|040|5102|0|471.17|0|0|0|0|0|0|0|
|C100|1|0|35194|55|00|62|165830|43210288579701000178550620001658301054343640|18022021|18022021|747.26|2|0|0|587.26|9|160|0|0|90.26|15.8|0|0|0|11.51|53.09|0|0|
|C190|020|5102|17.5|80.5|58.45|10.23|0|0|22.05|0|0|
|C100|1|0||65|00|101|40614|43210288579701000178651010000406141997935295|18022021|18022021|285|2|0|0|285|9|0|0|0|0|0|0|0|0|0|0|0|0|
|C190|040|5102|0|285|0|0|0|0|0|0|0|
|C100|1|0|30962|55|00|62|165856|43210288579701000178550620001658561211325852|19022021|19022021|2635.32|2|0|0|2527.82|9|100|0|7.5|239.6|41.93|0|0|0|43.48|200.28|0|0|
|C190|040|5102|0|1772.29|0|0|0|0|0|0|0|
|C100|1|0|34898|55|00|62|165869|43210288579701000178550620001658691290008535|19022021|19022021|1105.37|2|55.77|0|1140.04|9|21.12|0|0|0|0|0|0|0|18.23|84.02|0|0|
|C190|040|5102|0|433.28|0|0|0|0|0|0|0|
|C100|1|0|18519|55|00|62|165888|43210288579701000178550620001658881269194240|19022021|19022021|2103.42|2|0|0|1918.42|9|180|0|5|251.98|44.1|0|0|0|34.71|159.87|0|0|
|C190|040|5102|0|1134.81|0|0|0|0|0|0|0|
|C100|1|0|34454|55|00|62|165890|43210288579701000178550620001658901815580337|19022021|19022021|1260|2|0|0|1180|9|80|0|0|0|0|0|0|0|20.79|95.76|0|0|
|C190|040|5102|0|1260|0|0|0|0|0|0|0|
|C100|1|0|34495|55|00|62|165899|43210288579701000178550620001658991851053266|19022021|19022021|172.5|2|0|0|172.5|9|0|0|0|0|0|0|0|0|2.85|13.11|0|0|
|C190|040|5102|0|172.5|0|0|0|0|0|0|0|
|C100|1|0|34935|55|00|62|165903|43210288579701000178550620001659031505169051|19022021|19022021|386.29|2|0|0|316.29|9|70|0|0|280.49|49.08|0|0|0|2.51|11.59|0|0|
|C190|020|5102|17.5|386.29|280.49|49.08|0|0|105.8|0|0|
|C100|1|0|34484|55|00|62|165930|43210288579701000178550620001659301041738859|19022021|19022021|1379.37|2|0|0|1239.37|9|140|0|0|1211.74|212.06|0|0|0|16.64|76.68|0|0|
|C190|020|5102|17.5|612.02|444.39|77.77|0|0|167.63|0|0|
|C100|1|0|30888|55|00|62|165933|43210288579701000178550620001659331689824987|19022021|19022021|816|2|0|0|816|9|0|0|0|0|0|0|0|0|13.46|62.02|0|0|
|C190|040|5102|0|816|0|0|0|0|0|0|0|
|C100|1|0|27936|55|00|62|165934|43210288579701000178550620001659341189583171|19022021|19022021|415.86|2|0|0|415.86|9|0|0|0|181.46|31.76|0|0|0|5.95|27.39|0|0|
|C190|020|5102|17.5|91.65|66.55|11.65|0|0|25.1|0|0|
|C100|1|0|34531|55|00|62|165971|43210288579701000178550620001659711859768951|19022021|19022021|2704.98|2|0|0|2624.98|9|80|0|0|875.7|153.24|0|0|0|41.8|192.55|0|0|
|C190|020|5102|17.5|283.33|205.73|36|0|0|77.6|0|0|
|C100|1|0|35569|55|00|62|166006|43210288579701000178550620001660061422253087|19022021|19022021|176.68|2|0|0|119.68|9|57|0|0|74.49|13.04|0|0|0|2.92|13.42|0|0|
|C190|040|5102|0|24.09|0|0|0|0|0|0|0|
|C100|1|0|28833|55|00|62|166008|43210288579701000178550620001660081434329681|19022021|19022021|435.52|2|0|0|385.5|9|0|0|50.02|0|0|0|0|0|7.19|33.1|0|0|
|C190|040|5102|0|266.62|0|0|0|0|0|0|0|
|C100|1|0|30396|55|00|62|166009|43210288579701000178550620001660091382154859|19022021|19022021|472.5|2|0|0|354|9|65|0|53.5|0|0|0|0|0|7.8|35.91|0|0|
|C190|040|5102|0|472.5|0|0|0|0|0|0|0|
|C100|1|0|35434|55|00|62|166012|43210288579701000178550620001660121263293990|20022021|20022021|635|2|0|0|575|9|60|0|0|0|0|0|0|0|10.48|48.26|0|0|
|C190|040|5102|0|635|0|0|0|0|0|0|0|
|C100|1|0|35538|55|00|62|166021|43210288579701000178550620001660211187244911|20022021|20022021|1327.58|2|0|0|1327.58|9|0|0|0|298.25|52.2|0|0|0|21.26|97.99|0|0|
|C190|020|5102|17.5|63.26|45.93|8.04|0|0|17.33|0|0|
|C100|1|0|22069|55|00|62|166030|43210288579701000178550620001660301916597360|20022021|20022021|843|2|0|0|763.52|9|79.48|0|0|350.57|61.35|0|0|0|13.92|64.07|0|0|
|C190|040|5102|0|86.12|0|0|0|0|0|0|0|
|C100|1|0|33341|55|00|62|166040|43210288579701000178550620001660401885695655|20022021|20022021|3189.94|2|0|0|3061.27|9|128.67|0|0|308.82|54.04|0|0|0|51.67|238.05|0|0|
|C190|020|5102|17.5|95.5|69.34|12.13|0|0|26.16|0|0|
|C190|040|5102|0|1354.64|0|0|0|0|0|0|0|
|C100|1|0|19470|55|00|62|166047|43210288579701000178550620001660471605616610|20022021|20022021|171.79|2|0|0|171.79|9|0|0|0|73.43|12.85|0|0|0|2.52|11.6|0|0|
|C190|020|5102|17.5|31.63|22.97|4.02|0|0|8.66|0|0|
|C100|1|0|34838|55|00|62|166061|43210288579701000178550620001660611948459597|20022021|20022021|722.55|2|0|0|722.55|9|0|0|0|463.61|81.14|0|0|0|11.92|54.91|0|0|
|C190|520|5102|17.5|647.5|388.56|68|0|0|258.94|0|0|
|C100|1|0||65|00|101|40855|43210288579701000178651010000408551683369835|20022021|20022021|6.8|2|0|0|6.8|9|0|0|0|0|0|0|0|0|0|0|0|0|
|C190|040|5102|0|6.8|0|0|0|0|0|0|0|
|C100|1|0|20586|55|00|62|166086|43210288579701000178550620001660861169806606|22022021|22022021|1318.29|2|0|0|1137.2|9|80|0|101.09|764.28|133.75|0|0|0|18.56|85.53|0|0|
|C190|020|5102|17.5|318.73|231.43|40.5|0|0|87.3|0|0|
|C100|1|0|27936|55|00|62|166098|43210288579701000178550620001660981022612847|22022021|22022021|321.47|2|0|0|321.47|9|0|0|0|296.37|51.87|0|0|0|4.39|20.22|0|0|
|C190|020|5102|17.5|91.65|66.55|11.65|0|0|25.1|0|0|
|C100|1|0|19462|55|00|62|166108|43210288579701000178550620001661081695807140|22022021|22022021|2275.25|2|0|0|2162.1|9|113.15|0|0|0|0|0|0|0|37.55|172.92|0|0|
|C190|040|5102|0|715.59|0|0|0|0|0|0|0|
|C100|1|0|35283|55|00|62|166109|43210288579701000178550620001661091133089420|22022021|22022021|3303.25|2|0|0|2987.4|9|80|0|235.85|60.15|10.53|0|0|0|54.51|251.05|0|0|
|C190|040|5102|0|1437.44|0|0|0|0|0|0|0|
|C100|1|0|35274|55|00|62|166117|43210288579701000178550620001661171944794410|22022021|22022021|1567.8|2|0|0|1477.8|9|90|0|0|558.24|97.69|0|0|0|24.9|114.68|0|0|
|C190|020|5102|17.5|97.23|70.6|12.35|0|0|26.63|0|0|
|C100|1|0|34786|55|00|62|166122|43210288579701000178550620001661221635086713|22022021|22022021|946.12|2|0|0|896.12|9|50|0|0|383.16|67.05|0|0|0|13.67|63.01|0|0|
|C190|020|5102|17.5|193.53|140.52|24.59|0|0|53.01|0|0|
|C100|1|0|35367|55|00|62|166148|43210288579701000178550620001661481483159426|22022021|22022021|7108.9|2|0|0|6928.9|9|180|0|0|29.65|5.19|0|0|0|117.3|540.27|0|0|
|C190|040|5102|0|7079.25|0|0|0|0|0|0|0|
|C100|1|0|34714|55|00|62|166173|43210288579701000178550620001661731264849322|22022021|22022021|582.01|2|0|0|579.51|9|0|0|2.5|115.4|20.2|0|0|0|9.6|44.23|0|0|
|C190|040|5102|0|346.49|0|0|0|0|0|0|0|
|C100|1|0|34627|55|00|62|166194|43210288579701000178550620001661941023576182|22022021|22022021|679.71|2|0|0|597.21|9|80|0|2.5|282.26|49.4|0|0|0|9.14|42.06|0|0|
|C190|020|5102|17.5|208.62|151.48|26.51|0|0|57.14|0|0|
|C100|1|0|35533|55|00|62|166199|43210288579701000178550620001661991489831435|22022021|22022021|667.58|2|0|0|567.58|9|100|0|0|345.48|60.46|0|0|0|9.53|43.88|0|0|
|C190|020|5102|17.5|148.81|108.05|18.91|0|0|40.76|0|0|
|C100|1|0|34599|55|00|62|166204|43210288579701000178550620001662041868896154|22022021|22022021|286.56|2|0|0|206.56|9|80|0|0|251.73|44.06|0|0|0|3.46|15.93|0|0|
|C190|020|5102|17.5|127.15|92.32|16.16|0|0|34.83|0|0|
|C100|1|0|17948|55|00|62|166215|43210288579701000178550620001662151309549936|22022021|22022021|1288.3|2|0|0|1209.21|9|79.09|0|0|199.98|35.01|0|0|0|20.27|93.43|0|0|
|C190|020|5102|17.5|97.63|70.89|12.41|0|0|26.74|0|0|
|C190|040|5102|0|724.48|0|0|0|0|0|0|0|
|C100|1|0|34759|55|00|62|166228|43210288579701000178550620001662281212881241|22022021|22022021|710.1|2|0|0|640.1|9|70|0|0|0|0|0|0|0|11.72|53.98|0|0|
|C190|040|5102|0|382.73|0|0|0|0|0|0|0|
|C100|1|0|34434|55|00|62|166232|43210288579701000178550620001662321615657105|22022021|22022021|376.29|2|0|0|316.29|9|60|0|0|273.22|47.81|0|0|0|2.45|11.29|0|0|
|C190|020|5102|17.5|376.29|273.22|47.81|0|0|103.07|0|0|
|C100|1|0||65|00|101|41007|43210288579701000178651010000410071865650010|22022021|22022021|310.86|2|0|0|310.86|9|0|0|0|73.43|12.85|0|0|0|0|0|0|0|
|C190|020|5102|17.5|31.63|22.97|4.02|0|0|8.66|0|0|
|C100|1|0||65|00|101|41043|43210288579701000178651010000410431288627290|22022021|22022021|165.16|2|0|0|165.16|9|0|0|0|50.46|8.83|0|0|0|0|0|0|0|
|C190|040|5102|0|20.4|0|0|0|0|0|0|0|
|C100|1|0|20946|55|00|62|166263|43210288579701000178550620001662631377055428|23022021|23022021|1472.5|2|0|0|1472.5|9|0|0|0|112.5|19.69|0|0|0|24.3|111.91|0|0|
|C190|040|5117|0|1360|0|0|0|0|0|0|0|
|C100|1|0|32374|55|00|62|166272|43210288579701000178550620001662721724465938|23022021|23022021|1199.06|2|0|0|1056.56|9|140|0|2.5|205.93|36.04|0|0|0|18.75|86.34|0|0|
|C190|020|5102|17.5|104.01|75.52|13.22|0|0|28.49|0|0|
|C190|040|5102|0|964.64|0|0|0|0|0|0|0|
|C100|1|0|34898|55|00|62|166279|43210288579701000178550620001662791658229985|23022021|23022021|487.5|2|0|0|425|9|60|0|2.5|0|0|0|0|0|8.04|37.05|0|0|
|C190|040|5102|0|487.5|0|0|0|0|0|0|0|
|C100|1|0|35522|55|00|62|166280|43210288579701000178550620001662801207084290|23022021|23022021|1126.54|2|0|0|986.54|9|140|0|0|579.39|101.4|0|0|0|17.15|78.96|0|0|
|C190|020|5102|17.5|144.47|104.9|18.36|0|0|39.57|0|0|
|C190|040|5102|0|336.86|0|0|0|0|0|0|0|
|C100|1|0|35397|55|00|62|166290|43210288579701000178550620001662901934192472|23022021|23022021|788.37|2|0|0|788.37|9|0|0|0|188.66|33.02|0|0|0|12.1|55.71|0|0|
|C190|020|5102|17.5|91.65|66.55|11.65|0|0|25.1|0|0|
|C100|1|0|35541|55|00|62|166320|43210288579701000178550620001663201894774922|23022021|23022021|630.12|2|0|0|572.82|9|55.91|0|1.39|252.81|44.24|0|0|0|10.39|47.89|0|0|
|C190|040|5117|0|149.61|0|0|0|0|0|0|0|
|C100|1|0|35523|55|00|62|166322|43210288579701000178550620001663221847226382|23022021|23022021|2227.38|2|0|0|2088.87|9|138.51|0|0|345.02|60.39|0|0|0|35.77|164.76|0|0|
|C190|020|5102|17.5|97.73|70.96|12.42|0|0|26.77|0|0|
|C190|040|5102|0|725.09|0|0|0|0|0|0|0|
|C100|1|0|20752|55|00|62|166361|43210288579701000178550620001663611483851802|23022021|23022021|1682.77|2|0|0|1542.77|9|140|0|0|323.27|56.57|0|0|0|26.77|123.3|0|0|
|C190|020|5102|17.5|99.97|72.59|12.7|0|0|27.38|0|0|
|C190|040|5102|0|827.33|0|0|0|0|0|0|0|
|C100|1|0|34484|55|00|62|166376|43210288579701000178550620001663761598709750|23022021|23022021|1339.37|2|0|0|1239.37|9|100|0|0|1176.6|205.9|0|0|0|16.15|74.46|0|0|
|C190|020|5102|17.5|594.27|431.5|75.51|0|0|162.77|0|0|
|C100|1|0|18867|55|00|62|166416|43210288579701000178550620001664161296702475|24022021|24022021|20.7|2|0|0|20.7|9|0|0|0|0|0|0|0|0|0.34|1.57|0|0|
|C190|040|5102|0|20.7|0|0|0|0|0|0|0|
|C100|1|0|34454|55|00|62|166425|43210288579701000178550620001664251931498760|24022021|24022021|709.29|2|0|0|629.29|9|80|0|0|613.59|107.38|0|0|0|8.6|39.65|0|0|
|C190|020|5102|17.5|309.9|225.02|39.38|0|0|84.88|0|0|
|C100|1|0|29245|55|00|62|166436|43210288579701000178550620001664361743900223|24022021|24022021|3514.4|2|0|0|3514.4|9|0|0|0|0|0|0|0|0|57.98|267.09|0|0|
|C190|040|5102|0|1725|0|0|0|0|0|0|0|
|C100|1|0|21897|55|00|62|166485|43210288579701000178550620001664851616770767|24022021|24022021|170|2|0|0|170|9|0|0|0|0|0|0|0|0|2.81|12.92|0|0|
|C190|040|5102|0|170|0|0|0|0|0|0|0|
|C100|1|0|35165|55|00|62|166490|43210288579701000178550620001664901800972547|24022021|24022021|3555.54|2|0|0|3433.59|9|121.95|0|0|475.98|83.3|0|0|0|58.66|270.22|0|0|
|C190|040|5117|0|1905.35|0|0|0|0|0|0|0|
|C100|1|0|19705|55|00|62|166492|43210288579701000178550620001664921807524897|24022021|24022021|413.59|2|0|0|326.16|9|87.43|0|0|230.1|40.27|0|0|0|5.66|26.09|0|0|
|C190|020|5102|17.5|116.22|84.39|14.77|0|0|31.83|0|0|
|C100|1|0|34732|55|00|62|166497|43210288579701000178550620001664971047269946|24022021|24022021|312.5|2|0|0|312.5|9|0|0|0|0|0|0|0|0|5.16|23.75|0|0|
|C190|040|5102|0|255|0|0|0|0|0|0|0|
|C100|1|0|35559|55|00|62|166531|43210288579701000178550620001665311676639572|24022021|24022021|2128.24|2|0|0|1702.79|9|122.49|0|302.96|680.4|119.07|0|0|0|31.68|145.94|0|0|
|C190|020|5102|17.5|343.65|249.52|43.67|0|0|94.13|0|0|
|C100|1|0|35559|55|00|62|166532|43210288579701000178550620001665321338463278|24022021|24022021|162.48|2|0|0|130|9|9.35|0|23.13|117.98|20.65|0|0|0|1.06|4.87|0|0|
|C190|020|5102|17.5|162.48|117.98|20.65|0|0|44.5|0|0|
|C100|1|0|17635|55|00|62|166536|43210288579701000178550620001665361296541771|24022021|24022021|1536.2|2|0|0|1536.2|9|0|0|0|1011.89|177.08|0|0|0|25.34|116.75|0|0|
|C190|020|5102|17.5|1393.6|1011.89|177.08|0|0|381.71|0|0|
|C100|1|0|34536|55|00|62|166543|43210288579701000178550620001665431193012711|24022021|24022021|3477.88|2|0|0|3335.4|9|142.48|0|0|0|0|0|0|0|57.38|264.31|0|0|
|C190|040|5102|0|2518.16|0|0|0|0|0|0|0|
|C100|1|0|35395|55|00|62|166546|43210288579701000178550620001665461533500271|24022021|24022021|2346.79|2|0|0|2234.34|9|112.45|0|0|0|0|0|0|0|38.73|178.36|0|0|
|C190|040|5102|0|724.72|0|0|0|0|0|0|0|
|C100|1|0|32197|55|00|62|166567|43210288579701000178550620001665671426738550|24022021|24022021|99.54|2|0|0|85|9|14.54|0|0|0|0|0|0|0|1.64|7.57|0|0|
|C190|040|5102|0|99.54|0|0|0|0|0|0|0|
|C100|1|0||65|00|101|41246|43210288579701000178651010000412461921276610|24022021|24022021|89.9|2|0|0|89.9|9|0|0|0|0|0|0|0|0|0|0|0|0|
|C190|040|5102|0|76|0|0|0|0|0|0|0|
|C100|1|0||65|00|101|41319|43210288579701000178651010000413191163012232|24022021|24022021|43|2|0.45|0|43.45|9|0|0|0|32.43|5.68|0|0|0|0|0|0|0|
|C190|020|5102|17.5|43|32.43|5.68|0|0|10.57|0|0|
|C100|1|0|35194|55|00|62|166586|43210288579701000178550620001665861377833090|25022021|25022021|678.96|2|0|0|518.96|9|160|0|0|162.1|28.37|0|0|0|10.79|49.7|0|0|
|C190|020|5102|17.5|41.38|30.05|5.26|0|0|11.33|0|0|
|C190|040|5102|0|270.82|0|0|0|0|0|0|0|
|C100|1|0|34753|55|00|62|166617|43210288579701000178550620001666171477412590|25022021|25022021|217.41|2|0|0|167.41|9|50|0|0|67.77|11.86|0|0|0|2.76|12.74|0|0|
|C190|020|5102|17.5|82.15|59.65|10.44|0|0|22.5|0|0|
|C190|040|5102|0|88.31|0|0|0|0|0|0|0|
|C100|1|0|35405|55|00|62|166631|43210288579701000178550620001666311584679930|25022021|25022021|1745.18|2|0|0|1625.64|9|119.54|0|0|370.09|64.77|0|0|0|28.8|132.64|0|0|
|C190|040|5102|0|403.65|0|0|0|0|0|0|0|
|C100|1|0|20703|55|00|62|166654|43210288579701000178550620001666541889137060|25022021|25022021|95.66|2|0|0|93.16|9|0|0|2.5|47.17|8.25|0|0|0|0.93|4.28|0|0|
|C190|020|5102|17.5|64.96|47.17|8.25|0|0|17.79|0|0|
|C100|1|0|35367|55|00|62|166658|43210288579701000178550620001666581609620112|25022021|25022021|459.86|2|0|0|389.86|9|70|0|0|371.03|64.93|0|0|0|4.35|20.03|0|0|
|C190|020|5102|17.5|324.32|235.49|41.21|0|0|88.83|0|0|
|C100|1|0|21897|55|00|62|166667|43210288579701000178550620001666671136784317|25022021|25022021|69|2|0|0|69|9|0|0|0|0|0|0|0|0|1.14|5.24|0|0|
|C190|040|5102|0|69|0|0|0|0|0|0|0|
|C100|1|0|29256|55|00|62|166684|43210288579701000178550620001666841886499741|25022021|25022021|450.95|2|0|0|394.41|9|56.54|0|0|131.38|22.99|0|0|0|7.44|34.27|0|0|
|C190|040|5102|0|148.64|0|0|0|0|0|0|0|
|C100|1|0|19873|55|00|62|166701|43210288579701000178550620001667011234602373|25022021|25022021|937.83|2|16.92|0|872.77|9|81.98|0|0|324.75|56.83|0|0|0|14.48|66.66|0|0|
|C190|020|5102|17.5|100.43|72.92|12.76|0|0|27.51|0|0|
|C190|040|5102|0|44.71|0|0|0|0|0|0|0|
|C100|1|0|21897|55|00|62|166720|43210288579701000178550620001667201078938948|25022021|25022021|89.7|2|0|0|89.7|9|0|0|0|0|0|0|0|0|1.48|6.82|0|0|
|C190|040|5102|0|89.7|0|0|0|0|0|0|0|
|C100|1|0||65|00|101|41365|43210288579701000178651010000413651600379041|25022021|25022021|152|2|0|0|152|9|0|0|0|0|0|0|0|0|0|0|0|0|
|C190|040|5102|0|127.5|0|0|0|0|0|0|0|
|C100|1|0||65|00|101|41447|43210288579701000178651010000414471125392481|25022021|25022021|59.85|2|0|0|59.85|9|0|0|0|56.08|9.82|0|0|0|0|0|0|0|
|C190|520|5102|17.5|15.35|11.58|2.03|0|0|3.77|0|0|
|C100|1|0||65|00|101|41505|43210288579701000178651010000415051109632657|25022021|25022021|10.35|2|0|0|10.35|9|0|0|0|0|0|0|0|0|0|0|0|0|
|C190|040|5102|0|10.35|0|0|0|0|0|0|0|
|C100|1|0|34986|55|00|62|166759|43210288579701000178550620001667591878310280|26022021|26022021|47.2|2|0|0|47.2|9|0|0|0|0|0|0|0|0|0.78|3.59|0|0|
|C190|040|5102|0|47.2|0|0|0|0|0|0|0|
|C100|1|0|29557|55|00|62|166787|43210288579701000178550620001667871250202095|26022021|26022021|346.25|2|0|0|287.25|9|59|0|0|232.4|40.67|0|0|0|4.19|19.31|0|0|
|C190|020|5102|17.5|152.51|110.74|19.38|0|0|41.77|0|0|
|C100|1|0|34477|55|00|62|166788|43210288579701000178550620001667881650687573|26022021|26022021|171.65|2|0|0|91.65|9|80|0|0|124.64|21.81|0|0|0|1.12|5.15|0|0|
|C190|020|5102|17.5|171.65|124.64|21.81|0|0|47.01|0|0|
|C100|1|0|35437|55|00|62|166797|43210288579701000178550620001667971202663440|26022021|26022021|9349.25|2|409.64|0|9430.86|9|328.03|0|0|420.36|73.57|0|0|0|149.7|689.61|0|0|
|C190|020|5102|17.5|455.39|330.66|57.87|0|0|124.73|0|0|
|C190|040|5102|0|675.75|0|0|0|0|0|0|0|
|C100|1|0|34642|55|00|62|166807|43210288579701000178550620001668071831380698|26022021|26022021|1014.38|2|0|0|974.41|9|37.3|0|2.67|23.91|4.18|0|0|0|16.41|75.58|0|0|
|C190|020|5102|17.5|32.93|23.91|4.18|0|0|9.02|0|0|
|C100|1|0|35557|55|00|62|166827|43210288579701000178550620001668271556299565|26022021|26022021|756.55|2|0|0|697.08|9|59.47|0|0|318.78|55.79|0|0|0|11.1|51.18|0|0|
|C190|020|5102|17.5|137.31|99.7|17.45|0|0|37.61|0|0|
|C100|1|0|35094|55|00|62|166836|43210288579701000178550620001668361730359580|26022021|26022021|5372.64|2|1179.36|0|6552|9|0|0|0|0|0|0|0|0|88.65|408.32|0|0|
|C190|040|5102|0|5372.64|0|0|0|0|0|0|0|
|C100|1|0|35094|55|00|62|166837|43210288579701000178550620001668371450227192|26022021|26022021|826.56|2|181.44|0|1008|9|0|0|0|0|0|0|0|0|13.64|62.82|0|0|
|C190|040|5102|0|826.56|0|0|0|0|0|0|0|
|C100|1|0|35192|55|00|62|166856|43210288579701000178550620001668561016076789|26022021|26022021|2220.69|2|0|0|2149.37|9|71.32|0|0|359.72|62.95|0|0|0|35.7|164.42|0|0|
|C190|020|5102|17.5|94.69|68.75|12.03|0|0|25.94|0|0|
|C190|040|5102|0|712.9|0|0|0|0|0|0|0|
|C100|1|0|34942|55|00|62|166857|43210288579701000178550620001668571895128541|26022021|26022021|3340.83|2|0|0|3273.33|9|65|0|2.5|2359.98|412.99|0|0|0|55.13|253.9|0|0|
|C190|020|5102|17.5|238.55|173.21|30.31|0|0|65.34|0|0|
|C100|1|0|35548|55|00|62|166866|43210288579701000178550620001668661838319430|26022021|26022021|646.69|2|0|0|582.48|9|64.21|0|0|163.05|28.53|0|0|0|9.97|45.92|0|0|
|C190|020|5102|17.5|70.23|50.99|8.92|0|0|19.24|0|0|
|C100|1|0|35420|55|00|62|166911|43210288579701000178550620001669111684177611|26022021|26022021|87.8|2|0|0|87.8|9|0|0|0|0|0|0|0|0|1.45|6.67|0|0|
|C190|040|5102|0|40.8|0|0|0|0|0|0|0|
|C100|1|0|31485|55|00|62|166936|43210288579701000178550620001669361454382581|27022021|27022021|780|2|0|0|643.21|9|136.79|0|0|300.75|52.63|0|0|0|10.64|49.06|0|0|
|C190|020|5102|17.5|222.28|161.4|28.24|0|0|60.88|0|0|
|C190|040|5102|0|418.37|0|0|0|0|0|0|0|
|C100|1|0|35420|55|00|62|166951|43210288579701000178550620001669511083155465|27022021|27022021|447.73|2|0|0|367.73|9|80|0|0|122.89|21.51|0|0|0|7.39|34.02|0|0|
|C190|040|5102|0|252.03|0|0|0|0|0|0|0|
|C100|1|0|20035|55|00|62|166954|43210288579701000178550620001669541984044878|27022021|27022021|763.5|2|0|0|751|9|0|0|12.5|349.71|61.2|0|0|0|12.61|58.02|0|0|
|C190|520|5102|17.5|508.22|304.98|53.37|0|0|203.24|0|0|
|C100|1|0|34920|55|00|62|166961|43210288579701000178550620001669611104925538|27022021|27022021|6048|2|0|0|6048|9|0|0|0|0|0|0|0|0|99.79|459.65|0|0|
|C190|040|5102|0|6048|0|0|0|0|0|0|0|
|C100|1|0|35219|55|00|62|166975|43210288579701000178550620001669751436529612|27022021|27022021|7800|2|0|0|7800|9|0|0|0|0|0|0|0|0|128.7|592.8|0|0|
|C190|040|5102|0|7800|0|0|0|0|0|0|0|
|C100|1|0|35219|55|00|62|166976|43210288579701000178550620001669761539511381|27022021|27022021|7800|2|0|0|7800|9|0|0|0|0|0|0|0|0|128.7|592.8|0|0|
|C190|040|5102|0|7800|0|0|0|0|0|0|0|
