|0000|015|0|01012021|31012021|SCHIRMANN MATERIAIS E SOLUCOES PARA A CONSTRUCAO LTDA|88579701000500||RS|0650149130|4310207|||A|1|
|C100|1|0|16989|55|00|1|161793|43210188579701000500550010001617931275772978|04012021|04012021|7073.93|2|0|0|6923.93|9|150|0|0|1163.93|203.68|0|0|0|112.95|520.4|0|0|
|C190|020|5117|17.5|374.54|271.95|47.59|0|0|102.59|0|0|
|C100|1|0|16094|55|00|1|162017|43210188579701000500550010001620171084276750|05012021|05012021|583.45|2|0|0|468.76|9|110.99|0|3.7|225.86|39.52|0|0|0|8.49|39.1|0|0|
|C190|020|5117|17.5|114.07|82.83|14.49|0|0|31.24|0|0|
|C100|1|0|16094|55|00|1|162047|43210188579701000500550010001620471150584096|06012021|06012021|161.81|2|0|0|130|9|30.78|0|1.03|117.49|20.56|0|0|0|1.05|4.85|0|0|
|C190|020|5117|17.5|161.81|117.49|20.56|0|0|44.32|0|0|
|C100|1|0|10456|55|00|1|162143|43210188579701000500550010001621431592721400|06012021|06012021|467.5|2|0|0|467.5|9|0|0|0|352.64|61.71|0|0|0|7.71|35.53|0|0|
|C190|520|5102|17.5|467.5|352.64|61.71|0|0|114.86|0|0|
|C100|1|0|15091|55|00|1|162337|43210188579701000500550010001623371416274670|07012021|07012021|3090|2|0|0|2850|9|240|0|0|0|0|0|0|0|50.99|234.84|0|0|
|C190|040|5117|0|3090|0|0|0|0|0|0|0|
|C100|1|0|8167|55|00|1|162776|43210188579701000500550010001627761734743720|13012021|13012021|2306.14|2|0|0|2306.14|9|0|0|0|0|0|0|0|0|38.06|175.26|0|0|
|C190|040|5117|0|1224|0|0|0|0|0|0|0|
|C100|1|0|8167|55|00|1|162780|43210188579701000500550010001627801639915989|13012021|13012021|4760.35|2|0|0|4760.35|9|0|0|0|1909.2|334.11|0|0|0|77.28|355.97|0|0|
|C190|020|5117|17.5|126.52|91.87|16.08|0|0|34.65|0|0|
|C100|1|0|15879|55|00|1|163008|43210188579701000500550010001630081727776933|14012021|14012021|9830.21|2|0|0|9692.78|9|137.44|0|0|151.19|26.46|0|0|0|160.32|738.55|0|0|
|C190|020|5117|17.5|185.9|134.98|23.62|0|0|50.92|0|0|
|C100|1|0|17371|55|00|1|163092|43210188579701000500550010001630921392865810|15012021|15012021|115.9|2|0|0|115.9|9|0|0|0|87.42|15.3|0|0|0|1.91|8.81|0|0|
|C190|020|5102|17.5|115.9|87.42|15.3|0|0|28.48|0|0|
|C100|1|0|17396|55|00|1|163274|43210188579701000500550010001632741829315060|18012021|18012021|2210.6|2|0|0|1859.7|9|0|0|350.9|1667.46|291.8|0|0|0|36.47|168.01|0|0|
|C190|520|5102|17.5|2210.6|1667.46|291.8|0|0|543.14|0|0|
|C100|1|0|17419|55|00|1|163464|43210188579701000500550010001634641395768260|19012021|19012021|3280.84|2|0|0|3169.16|9|111.67|0|0|524.59|91.81|0|0|0|52.23|240.6|0|0|
|C190|020|5117|17.5|189.76|137.78|24.11|0|0|51.98|0|0|
|C100|1|0|13903|55|00|1|163554|43210188579701000500550010001635541063706998|19012021|19012021|277.2|2|0|0|277.2|9|0|0|0|0|0|0|0|0|4.57|21.07|0|0|
|C190|040|5117|0|277.2|0|0|0|0|0|0|0|
|C100|1|0|13189|55|00|1|163991|43210188579701000500550010001639911579014920|22012021|22012021|121963.48|2|10406.7|0|132370.18|9|0|0|0|6607.51|1156.31|0|0|0|0|0|0|0|
|C190|020|5117|17.5|9100|6607.51|1156.31|0|0|2492.49|0|0|
|C100|1|0|11341|55|00|1|164579|43210188579701000500550010001645791587082270|28012021|28012021|2438.55|2|0|0|2040|9|397.55|0|1|0|0|0|0|0|40.24|185.33|0|0|
|C190|040|5117|0|2438.55|0|0|0|0|0|0|0|
|C100|1|0|11341|55|00|1|164580|43210188579701000500550010001645801147437860|28012021|28012021|2376.39|2|0|0|1988|9|387.41|0|0.98|0|0|0|0|0|39.21|180.61|0|0|
|C190|040|5117|0|1649.61|0|0|0|0|0|0|0|
|C100|0|0|17780|55|00|1|164875|43210188579701000500550010001648751246784522|29012021|29012021|140.4|0|0|0|140.4|9|0|0|0|81.9|14.33|0|0|0|2.32|10.67|0|0|
